199980,2
53,0
57,0
61,0
69,0
56,0
81,0
70,0
86,0
62,0
71,0
72,0
54,0
63,0
73,0
74,0
58,0
75,0
64,0
76,0
55,0
59,0
65,0
77,0
78,0
66,0
79,0
80,0
60,0
67,0
82,0
83,0
68,0
84,0
85,0
110,0
111,0
112,0
113,0
114,0
115,0
87,0
117,0
118,0
89,0
119,0
120,0
90,0
121,0
123,0
93,0
126,0
128,0
94,0
135,0
136,0
95,0
137,0
141,0
100,0
142,0
153,0
116,0
107,0
125,0
122,0
132,0
134,0
131,0
146,0
148,0
140,0
150,0
151,0
157,0
154,0
156,0
164,0
159,0
108,0
163,0
124,0
127,0
165,0
129,0
130,0
88,0
133,0
138,0
91,0
139,0
143,0
92,0
144,0
145,0
96,0
147,0
149,0
97,0
152,0
155,0
98,0
158,0
160,0
99,0
161,0
162,0
101,0
102,0
103,0
104,0
105,0
106,0
109,0
180,0
181,0
182,0
183,0
184,0
185,0
186,0
187,0
188,0
189,0
190,0
191,0
192,0
193,0
194,0
195,0
196,0
197,0
198,0
199,0
200,0
201,0
202,0
203,0
204,0
205,0
206,0
207,0
208,0
209,0
212,0
213,0
214,0
215,0
216,0
217,0
218,0
219,0
220,0
210,0
211,0
166,0
167,0
168,0
169,0
170,0
171,0
172,0
173,0
174,0
175,0
176,0
177,0
178,0
179,0
221,0
222,0
223,0
224,0
225,0
226,0
227,0
228,0
229,0
230,0
231,0
232,0
233,0
234,0
235,0
236,0
237,0
238,0
239,0
240,0
241,0
242,0
243,0
244,0
245,0
246,0
247,0
248,0
249,0
250,0
251,0
252,0
253,0
254,0
255,0
256,0
257,0
258,0
259,0
260,0
261,0
262,0
263,0
264,0
265,0
266,0
268,0
269,0
270,0
271,0
272,0
273,0
274,0
275,0
267,0
310,0
311,0
312,0
313,0
314,0
315,0
316,0
317,0
318,0
319,0
320,0
321,0
322,0
323,0
324,0
325,0
326,0
327,0
280,0
296,0
276,0
277,0
278,0
279,0
281,0
282,0
283,0
284,0
285,0
286,0
287,0
288,0
289,0
290,0
291,0
292,0
293,0
294,0
295,0
297,0
298,0
299,0
300,0
301,0
302,0
303,0
304,0
305,0
306,0
307,0
308,0
309,0
328,0
329,0
330,0
331,0
332,0
333,0
334,0
335,0
336,0
337,0
338,0
339,0
340,0
341,0
342,0
343,0
344,0
345,0
346,0
347,0
348,0
349,0
350,0
351,0
352,0
353,0
354,0
355,0
356,0
357,0
358,0
359,0
360,0
361,0
362,0
363,0
364,0
365,0
366,0
367,0
368,0
369,0
370,0
371,0
372,0
373,0
374,0
375,0
376,0
377,0
378,0
379,0
380,0
381,0
382,0
383,0
384,0
385,0
386,0
387,0
388,0
389,0
390,0
391,0
392,0
393,0
394,0
395,0
396,0
397,0
398,0
399,0
400,0
401,0
402,0
403,0
404,0
405,0
406,0
407,0
408,0
409,0
410,0
411,0
412,0
413,0
414,0
415,0
416,0
417,0
418,0
419,0
420,0
421,0
422,0
423,0
424,0
449,0
450,0
451,0
452,0
453,0
454,0
455,0
456,0
457,0
458,0
459,0
460,0
461,0
462,0
463,0
464,0
465,0
466,0
467,0
469,0
470,0
471,0
472,0
473,0
474,0
475,0
476,0
477,0
478,0
479,0
480,0
481,0
482,0
483,0
484,0
485,0
486,0
487,0
488,0
433,0
468,0
425,0
426,0
427,0
428,0
429,0
430,0
431,0
432,0
434,0
435,0
436,0
437,0
438,0
439,0
440,0
441,0
442,0
443,0
444,0
445,0
446,0
447,0
448,0
489,0
490,0
491,0
492,0
493,0
494,0
495,0
496,0
497,0
498,0
499,0
500,0
501,0
502,0
503,0
504,0
506,0
507,0
508,0
509,0
510,0
511,0
512,0
513,0
514,0
515,0
516,0
517,0
518,0
519,0
520,0
521,0
522,0
523,0
524,0
525,0
526,0
527,0
528,0
529,0
530,0
531,0
532,0
533,0
534,0
535,0
536,0
537,0
538,0
539,0
505,0
540,0
541,0
542,0
543,0
544,0
545,0
546,0
547,0
549,0
550,0
548,0
551,0
552,0
553,0
554,0
555,0
556,0
557,0
558,0
559,0
560,0
561,0
562,0
563,0
564,0
565,0
566,0
567,0
568,0
569,0
570,0
571,0
572,0
573,0
574,0
575,0
576,0
577,0
578,0
579,0
580,0
581,0
582,0
583,0
584,0
585,0
586,0
587,0
588,0
589,0
222691,2
222692,2
222693,2
222694,2
222695,2
222696,2
222697,2
222698,2
222699,2
222700,2
222701,2
222702,2
222703,2
222704,2
222705,2
222706,2
222707,2
222708,2
222709,2
222710,2
222669,2
222670,2
199884,0
199885,0
222644,2
222645,2
199886,0
199887,0
222622,2
222623,2
222624,2
222625,2
199888,0
199889,0
199890,0
199891,0
199897,0
199893,0
222648,2
222649,2
222650,2
222651,2
222652,2
222653,2
222654,2
199898,0
199899,0
199892,0
199894,0
199895,0
199896,0
222711,2
222674,2
222675,2
199900,0
199901,0
199902,0
199904,0
222626,2
222627,2
222628,2
222629,2
199903,0
199905,0
222676,2
222678,2
222679,2
222677,2
199906,0
199907,0
199908,0
199909,0
222680,2
222681,2
199910,0
199911,0
199913,0
222637,2
222638,2
222639,2
222640,2
222641,2
199912,0
199914,0
199915,0
222643,2
222642,2
199916,0
199917,0
222658,2
222659,2
222660,2
222661,2
199918,0
199919,0
199921,0
222663,2
222664,2
222665,2
199920,0
199922,0
222633,2
222636,2
199923,0
199924,0
199925,0
199926,0
222635,0
222634,0
222631,2
222630,2
199927,0
199928,0
222671,2
199929,0
199930,0
222667,2
222666,2
199932,0
199933,0
199931,0
199934,0
199936,0
222662,2
199935,0
199937,0
222712,2
222713,2
222714,2
222715,2
222632,2
199938,0
222716,2
222717,2
199939,0
222655,2
199940,0
222672,2
222673,2
199941,0
199942,0
199943,0
222684,0
222685,0
222683,0
222646,2
222647,2
199944,0
222686,0
222718,2
222688,0
222687,0
222689,0
222690,2
222656,2
222657,2
199945,0
606,0
602,0
598,0
591,2
590,2
592,0
593,0
594,0
595,0
596,0
597,0
599,0
600,0
601,0
603,0
604,0
605,0
607,0
640,1
612,2
638,1
609,0
636,1
611,0
618,1
614,0
634,1
616,0
617,1
619,0
615,1
621,0
613,1
625,0
608,1
627,0
610,1
629,0
620,1
633,0
628,1
635,0
626,1
637,0
622,1
641,0
624,1
643,0
632,1
645,0
630,1
647,0
654,1
649,0
657,0
651,0
652,1
653,0
644,1
639,0
642,1
655,0
650,1
631,0
648,1
623,0
656,1
646,1
659,0
733,0
661,0
667,1
663,0
662,1
665,0
660,1
666,0
658,1
668,0
709,1
671,0
707,1
673,0
705,1
675,0
676,1
677,0
674,1
679,0
703,1
681,0
672,1
683,0
669,1
688,0
701,1
690,0
687,1
692,0
680,1
696,0
678,1
698,0
685,1
700,0
682,1
704,0
684,1
706,0
699,1
708,0
691,1
711,0
689,1
713,0
697,1
715,0
693,1
717,0
695,1
721,0
726,1
723,0
710,1
725,0
712,1
729,0
724,1
731,0
716,1
702,0
714,1
727,0
722,1
719,0
718,1
694,0
720,1
686,0
730,1
670,0
728,1
664,0
732,1
794,0
791,1
802,0
785,1
786,0
783,1
734,2
781,1
736,0
789,1
740,0
787,1
742,0
777,1
744,0
816,0
746,0
755,1
748,0
739,1
750,0
753,1
752,0
737,1
756,0
735,1
758,0
751,1
760,0
743,1
764,0
741,1
766,0
749,1
768,0
745,1
772,0
747,1
774,0
801,1
776,0
771,1
778,0
757,1
780,0
765,1
782,0
759,1
784,0
761,1
788,0
799,1
790,0
775,1
792,0
773,1
796,0
797,1
798,0
793,1
800,0
795,1
804,0
813,1
806,0
805,1
808,0
803,1
810,0
811,1
812,0
807,1
814,0
809,1
770,0
815,1
762,0
763,1
754,0
769,1
738,0
767,1
779,1
893,0
905,1
900,0
829,1
886,0
831,1
817,2
828,1
819,0
818,1
823,0
826,1
825,0
824,1
827,0
820,1
832,0
822,1
834,0
853,1
836,0
839,1
840,0
837,1
842,0
833,1
844,0
835,1
846,0
881,1
848,0
851,1
850,0
843,1
852,0
841,1
856,0
849,1
858,0
845,1
860,0
847,1
864,0
879,1
866,0
865,1
868,0
857,1
872,0
855,1
874,0
863,1
876,0
859,1
878,0
861,1
880,0
877,1
882,0
869,1
884,0
867,1
888,0
875,1
890,0
871,1
892,0
873,1
894,0
891,1
896,0
883,1
898,0
889,1
902,0
885,1
904,0
887,1
906,0
897,1
908,0
895,1
910,0
903,1
912,0
899,1
914,0
901,1
870,0
909,1
854,0
907,1
862,0
913,1
838,0
911,1
821,0
830,0
919,1
916,0
930,1
994,0
949,1
1019,0
927,1
1011,0
925,1
986,0
921,1
1027,0
937,1
978,0
935,1
954,0
947,1
962,0
945,1
918,0
939,1
920,0
943,1
922,0
941,1
926,0
951,1
928,0
917,1
929,0
932,1
933,0
955,1
934,0
981,1
936,0
953,1
938,0
985,1
940,0
983,1
942,0
979,1
944,0
965,1
948,0
957,1
950,0
963,1
952,0
959,1
956,0
961,1
958,0
977,1
960,0
969,1
964,0
967,1
966,0
975,1
968,0
971,1
970,0
973,1
972,0
1007,1
974,0
993,1
976,0
991,1
980,0
987,1
982,0
989,1
984,0
1005,1
988,0
997,1
990,0
995,1
992,0
1003,1
996,0
999,1
998,0
1001,1
1000,0
1018,1
1002,0
1010,1
1004,0
1008,1
1006,0
1016,1
1009,0
1012,1
1013,0
1014,1
1015,0
1030,1
1017,0
1022,1
1021,0
1020,1
1023,0
1028,1
1025,0
1024,1
1029,0
1026,1
1031,0
915,1
946,0
923,1
924,0
931,0
1103,1
1074,0
1105,1
1122,0
1125,1
1114,0
1101,1
1106,0
1111,1
1090,0
1117,1
1082,0
1127,1
1058,0
1121,1
1172,0
1119,1
1033,0
1109,1
1034,0
1131,1
1036,0
1145,1
1038,0
1115,1
1040,0
1141,1
1044,0
1144,1
1046,0
1137,1
1048,0
1139,1
1052,0
1148,1
1054,0
1147,1
1056,0
1157,1
1060,0
1155,1
1062,0
1149,1
1064,0
1151,1
1066,0
1153,1
1068,0
1159,1
1070,0
1165,1
1072,0
1161,1
1076,0
1163,1
1078,0
1167,1
1080,0
1171,1
1083,0
1169,1
1086,0
1123,1
1088,0
1099,1
1092,0
1091,1
1094,0
1133,1
1096,0
1113,1
1098,0
1135,1
1100,0
1035,1
1102,0
1032,1
1104,0
1084,1
1108,0
1043,1
1110,0
1057,1
1112,0
1041,1
1116,0
1037,1
1118,0
1039,1
1120,0
1085,1
1124,0
1055,1
1126,0
1047,1
1128,0
1045,1
1130,0
1053,1
1132,0
1049,1
1134,0
1051,1
1136,0
1081,1
1140,0
1059,1
1142,0
1067,1
1143,0
1065,1
1150,0
1061,1
1152,0
1063,1
1154,0
1079,1
1158,0
1071,1
1160,0
1069,1
1162,0
1077,1
1164,0
1073,1
1166,0
1075,1
1168,0
1089,1
1170,0
1087,1
1138,0
1129,1
1156,0
1093,1
1050,0
1107,1
1146,0
1097,1
1042,0
1095,1
1287,0
1198,1
1173,2
1310,1
1295,0
1318,1
1279,0
1316,1
1263,0
1314,1
1351,0
1312,1
1271,0
1192,1
1255,0
1190,1
1239,0
1194,1
1343,0
1174,1
1247,0
1182,1
1231,0
1180,1
1335,0
1176,1
1215,0
1178,1
1223,0
1186,1
1327,0
1184,1
1207,0
1188,1
1191,0
1216,1
1177,0
1284,1
1179,0
1246,1
1181,0
1214,1
1185,0
1200,1
1187,0
1212,1
1189,0
1204,1
1193,0
1202,1
1195,0
1210,1
1197,0
1206,1
1201,0
1208,1
1203,0
1218,1
1205,0
1220,1
1209,0
1222,1
1211,0
1244,1
1213,0
1230,1
1217,0
1226,1
1219,0
1224,1
1221,0
1242,1
1183,0
1228,1
1319,0
1232,1
1225,0
1240,1
1227,0
1238,1
1229,0
1234,1
1233,0
1236,1
1235,0
1282,1
1237,0
1250,1
1241,0
1280,1
1243,0
1248,1
1245,0
1264,1
1249,0
1328,1
1251,0
1262,1
1253,0
1254,1
1175,0
1252,1
1257,0
1260,1
1259,0
1256,1
1261,0
1258,1
1265,0
1326,1
1267,0
1278,1
1269,0
1274,1
1273,0
1266,1
1275,0
1272,1
1277,0
1268,1
1281,0
1270,1
1283,0
1324,1
1285,0
1286,1
1289,0
1276,1
1291,0
1322,1
1293,0
1300,1
1297,0
1308,1
1299,0
1330,1
1301,0
1338,1
1305,0
1336,1
1307,0
1332,1
1309,0
1334,1
1313,0
1350,1
1315,0
1342,1
1317,0
1340,1
1321,0
1348,1
1323,0
1344,1
1325,0
1346,1
1329,0
1320,1
1331,0
1292,1
1333,0
1288,1
1337,0
1290,1
1339,0
1296,1
1341,0
1298,1
1345,0
1294,1
1347,0
1306,1
1349,0
1304,1
1311,0
1196,1
1199,0
1302,1
1303,0
1550,1
1519,0
1542,1
1479,0
1540,1
1459,0
1544,1
1523,0
1556,1
1396,0
1546,1
1511,0
1554,1
1505,0
1548,1
1360,0
1560,1
1447,0
1558,1
1531,0
1530,1
1527,0
1522,1
1439,0
1536,1
1529,0
1528,1
1457,0
1524,1
1384,0
1538,1
1473,0
1385,1
1368,0
1484,1
1370,0
1486,1
1372,0
1383,1
1374,0
1353,1
1376,0
1381,1
1503,0
1379,1
1483,0
1365,1
1402,0
1357,1
1477,0
1355,1
1407,0
1363,1
1409,0
1359,1
1535,0
1361,1
1533,0
1377,1
1394,0
1369,1
1388,0
1367,1
1382,0
1375,1
1467,0
1371,1
1390,0
1373,1
1415,0
1480,1
1404,0
1387,1
1487,0
1401,1
1392,0
1428,1
1469,0
1399,1
1521,0
1391,1
1433,0
1389,1
1431,0
1397,1
1417,0
1393,1
1517,0
1395,1
1509,0
1426,1
1445,0
1412,1
1489,0
1405,1
1465,0
1403,1
1471,0
1410,1
1352,2
1406,1
1461,0
1408,1
1455,0
1482,1
1411,0
1424,1
1380,0
1416,1
1378,0
1414,1
1400,0
1422,1
1386,0
1418,1
1398,0
1420,1
1453,0
1452,1
1425,0
1430,1
1419,0
1438,1
1443,0
1436,1
1429,0
1432,1
1441,0
1434,1
1501,0
1478,1
1497,0
1450,1
1485,0
1442,1
1437,0
1440,1
1499,0
1448,1
1495,0
1444,1
1423,0
1446,1
1413,0
1476,1
1427,0
1454,1
1491,0
1462,1
1435,0
1460,1
1481,0
1456,1
1449,0
1458,1
1475,0
1474,1
1547,0
1466,1
1515,0
1464,1
1513,0
1472,1
1421,0
1468,1
1507,0
1470,1
1545,0
1534,1
1537,0
1490,1
1525,0
1498,1
1543,0
1488,1
1539,0
1500,1
1541,0
1494,1
1559,0
1492,1
1551,0
1518,1
1549,0
1496,1
1557,0
1516,1
1553,0
1520,1
1555,0
1502,1
1561,0
1504,1
1354,0
1508,1
1356,0
1532,1
1358,0
1506,1
1362,0
1514,1
1364,0
1512,1
1366,0
1552,1
1493,0
1510,1
1463,0
1526,1
1451,0
1653,1
1770,0
1613,1
1690,0
1741,1
1563,0
1727,1
1772,0
1689,1
1694,0
1743,1
1688,0
1735,1
1641,0
1771,1
1576,0
1763,1
1639,0
1729,1
1574,0
1671,1
1572,0
1620,1
1564,0
1603,1
1570,0
1640,1
1566,0
1585,1
1568,0
1628,1
1637,0
1583,1
1608,0
1626,1
1586,0
1597,1
1578,0
1614,1
1584,0
1575,1
1580,0
1589,1
1582,0
1581,1
1598,0
1638,1
1590,0
1605,1
1588,0
1601,1
1596,0
1565,1
1592,0
1642,1
1594,0
1713,1
1635,0
1765,1
1621,0
1571,1
1612,0
1567,1
1610,0
1636,1
1619,0
1634,1
1615,0
1632,1
1617,0
1667,1
1633,0
1648,1
1625,0
1646,1
1623,0
1665,1
1631,0
1663,1
1627,0
1661,1
1629,0
1677,1
1712,0
1687,1
1662,0
1562,1
1647,0
1651,1
1645,0
1747,1
1643,0
1711,1
1660,0
1611,1
1652,0
1707,1
1650,0
1705,1
1658,0
1703,1
1654,0
1725,1
1656,0
1649,1
1710,0
1745,1
1696,0
1769,1
1666,0
1701,1
1664,0
1573,1
1686,0
1669,1
1668,0
1644,1
1670,0
1695,1
1708,0
1733,1
1700,0
1622,1
1698,0
1609,1
1706,0
1569,1
1702,0
1731,1
1704,0
1616,1
1692,0
1618,1
1736,0
1753,1
1722,0
1755,1
1714,0
1757,1
1720,0
1759,1
1716,0
1691,1
1718,0
1709,1
1734,0
1749,1
1726,0
1593,1
1724,0
1595,1
1732,0
1591,1
1728,0
1767,1
1730,0
1630,1
1748,0
1699,1
1740,0
1659,1
1738,0
1675,1
1746,0
1693,1
1742,0
1737,1
1744,0
1607,1
1768,0
1673,1
1752,0
1685,1
1750,0
1681,1
1758,0
1739,1
1754,0
1721,1
1756,0
1719,1
1764,0
1723,1
1674,0
1717,1
1762,0
1655,1
1684,0
1697,1
1672,0
1683,1
1766,0
1679,1
1606,0
1579,1
1760,0
1624,1
1604,0
1761,1
1682,0
1599,1
1680,0
1587,1
1678,0
1577,1
1676,0
1751,1
1600,0
1715,1
1602,0
1657,1
219949,2
221103,0
221111,0
221110,0
221149,0
221150,0
221121,0
221123,0
221122,0
221124,0
221145,0
221146,0
221144,0
221140,0
221136,0
221135,0
221137,0
221138,0
221139,0
221134,0
221102,0
221101,0
221148,0
221132,0
221131,0
221158,0
221157,0
221127,0
221126,0
221133,0
219950,2
221151,0
221105,0
221107,0
221106,0
221104,0
221109,0
221099,0
221152,0
221153,0
221154,0
221155,0
221156,0
221128,0
221130,0
221129,0
221147,0
221119,0
221120,0
221116,0
221141,0
221142,0
221108,0
221114,0
221100,0
221143,0
221113,0
221112,0
221118,0
221117,0
221115,0
221125,0
219951,2
221164,0
221201,0
221200,0
221167,0
221166,0
221165,0
221180,0
221181,0
221182,0
221183,0
221206,0
221205,0
221208,0
221207,0
219952,2
221172,0
221173,0
221174,0
221177,0
221176,0
221175,0
221178,0
221179,0
221210,0
221196,0
221197,0
221211,0
221212,0
221199,0
221195,0
221194,0
221193,0
221159,0
221160,0
221161,0
221163,0
221162,0
221215,0
221216,0
221214,0
221213,0
221190,0
221189,0
221188,0
221187,0
221209,0
221204,0
221203,0
221202,0
221170,0
221169,0
221168,0
221171,0
221198,0
221184,0
221186,0
221185,0
221191,0
221192,0
219953,2
220517,0
220516,0
220520,0
220521,0
220522,0
220515,0
219954,2
220518,0
220519,0
220512,0
220513,0
220514,0
220511,0
219955,2
220553,0
220543,0
220538,0
220546,0
220541,0
220540,0
220542,0
220554,0
219956,2
220552,0
220528,0
220539,0
219957,2
220533,0
220534,0
220527,0
220526,0
220523,0
220549,0
220547,0
220548,0
220535,0
220537,0
220536,0
220551,0
220550,0
220545,0
220544,0
220524,0
220525,0
220555,0
220532,0
220531,0
220530,0
220529,0
220556,0
220558,0
220557,0
219958,2
220578,0
220577,0
220602,0
220601,0
220608,0
220607,0
220559,0
220567,0
220604,0
220603,0
220565,0
220566,0
220572,0
220560,0
220561,0
220562,0
220563,0
220579,0
220581,0
220580,0
220609,0
220611,0
220570,0
220571,0
220612,0
220594,0
220598,0
220597,0
220595,0
220596,0
220605,0
220606,0
220590,0
220599,0
220600,0
220573,0
220613,0
220584,0
220583,0
220582,0
220586,0
220585,0
220564,0
220575,0
220576,0
220574,0
220593,0
220592,0
220591,0
220610,0
220587,0
220589,0
220588,0
220569,0
220568,0
220615,0
220614,0
220619,0
220620,0
219959,2
220641,0
220633,0
220643,0
220642,0
220657,0
220631,0
220637,0
220687,0
220654,0
220655,0
220656,0
220634,0
220636,0
220635,0
220647,0
220624,0
220623,0
220625,0
220663,0
220662,0
220617,0
220618,0
220616,0
220694,0
220695,0
220682,0
220683,0
220680,0
220681,0
220685,0
220684,0
220688,0
220689,0
220690,0
220691,0
220639,0
220640,0
220638,0
220668,0
220667,0
220665,0
220666,0
220664,0
220686,0
220628,0
220627,0
220621,0
220622,0
219960,2
220669,0
220632,0
220646,0
220645,0
220648,0
220649,0
220629,0
220630,0
220693,0
220692,0
220626,0
220674,0
220673,0
220677,0
220676,0
220675,0
220670,0
220671,0
220672,0
220644,0
220659,0
220660,0
220658,0
220678,0
220679,0
220697,0
220698,0
220696,0
220650,0
220652,0
220651,0
220653,0
220661,0
219961,2
220852,0
220872,0
220871,0
220870,0
220869,0
220874,0
220835,0
220834,0
220836,0
220842,0
220841,0
220839,0
220840,0
220853,0
220855,0
220854,0
220879,0
220848,0
220845,0
220844,0
220877,0
220878,0
220846,0
220862,0
220863,0
220831,0
220867,0
220843,0
220829,0
220830,0
219962,2
220865,0
220866,0
220873,0
220832,0
220833,0
220876,0
220847,0
220856,0
220858,0
220857,0
220859,0
220868,0
220864,0
220827,0
220828,0
220826,0
220851,0
220850,0
220849,0
220875,0
220837,0
220838,0
220860,0
220861,0
219963,2
220753,0
220754,0
220776,0
220775,0
220750,0
220774,0
220771,0
220773,0
220772,0
220752,0
220751,0
220759,0
220756,0
220758,0
220757,0
220761,0
220767,0
220766,0
220765,0
220764,0
220763,0
220755,0
220770,0
220769,0
220768,0
219964,2
220749,0
220777,0
220778,0
220760,0
220762,0
220803,0
220783,0
220782,0
220789,0
220788,0
219965,2
220819,0
220787,0
219966,2
220818,0
220800,0
220801,0
220785,0
220786,0
220822,0
220821,0
220820,0
220780,0
220779,0
220795,0
220823,0
220824,0
220816,0
220794,0
220814,0
220815,0
220817,0
220802,0
220812,0
220809,0
220811,0
220810,0
220813,0
220793,0
220792,0
220790,0
220791,0
220781,0
220805,0
220796,0
220799,0
220804,0
220825,0
220808,0
220807,0
220806,0
220797,0
220798,0
220784,0
219967,2
220716,0
220717,0
220738,0
220737,0
220732,0
220745,0
220720,0
220730,0
220729,0
220728,0
220747,0
220748,0
220746,0
220725,0
220726,0
220713,0
220714,0
220723,0
220742,0
220741,0
220739,0
220740,0
220718,0
220719,0
220727,0
220724,0
220708,0
220707,0
220706,0
220703,0
220702,0
220701,0
220736,0
220735,0
220715,0
220705,0
220704,0
220722,0
220721,0
220731,0
220699,0
220700,0
220733,0
220734,0
220710,0
220709,0
220712,0
220711,0
220743,0
220744,0
219968,2
220968,0
220951,0
220952,0
220932,0
220933,0
220954,0
220953,0
220964,0
220928,0
220927,0
220956,0
220955,0
220926,0
220950,0
220963,0
220967,0
220965,0
220966,0
220971,0
220940,0
220969,0
220970,0
220930,0
220929,0
220961,0
220960,0
220962,0
220925,0
220924,0
220959,0
219969,2
220923,0
220957,0
220949,0
220948,0
220941,0
220944,0
220943,0
220942,0
220946,0
220947,0
220934,0
220958,0
220945,0
220938,0
220937,0
220936,0
220935,0
220931,0
220939,0
219970,2
221025,0
221024,0
221026,0
221036,0
221034,0
221035,0
221030,0
221029,0
221028,0
221038,0
221037,0
221041,0
221042,0
221027,0
221040,0
221039,0
221022,0
221023,0
221032,0
221031,0
221050,0
221051,0
221049,0
221021,0
221020,0
221019,0
221059,0
221018,0
221017,0
221016,0
221058,0
221052,0
221057,0
221056,0
221033,0
221013,0
221014,0
221053,0
221054,0
221055,0
221047,0
221048,0
221011,0
221012,0
221015,0
221044,0
221045,0
221043,0
221046,0
221060,0
221061,0
219971,2
221062,0
221063,0
219972,2
219973,2
220888,0
220889,0
220907,0
220906,0
220905,0
220904,0
220901,0
220900,0
220899,0
220909,0
220911,0
220910,0
220908,0
220917,0
220918,0
220919,0
220913,0
220914,0
220891,0
220892,0
220893,0
220897,0
220882,0
220881,0
220880,0
220896,0
220912,0
220922,0
220898,0
220903,0
220902,0
220921,0
220920,0
220895,0
220894,0
220890,0
220916,0
220915,0
219974,2
220886,0
220884,0
220883,0
220885,0
220887,0
219975,2
220990,0
220989,0
220988,0
220977,0
220999,0
220980,0
220981,0
220972,0
220985,0
220978,0
220997,0
220984,0
220979,0
221010,0
221009,0
221008,0
220976,0
220975,0
220995,0
220996,0
220994,0
221002,0
221001,0
219976,2
221003,0
221007,0
221004,0
221005,0
221006,0
220987,0
220986,0
220998,0
220992,0
220991,0
220993,0
221000,0
220974,0
220973,0
220982,0
220983,0
219977,2
219978,2
220061,0
220062,0
220067,0
220055,0
220044,0
220058,0
220059,0
220066,0
220041,0
220042,0
220043,0
220054,0
220070,0
220060,0
220057,0
220074,0
220051,0
220045,0
220052,0
220063,0
220069,0
220049,0
220068,0
220056,0
220072,0
220073,0
220071,0
219979,2
220046,0
220047,0
220048,0
220053,0
220050,0
220065,0
220040,0
220064,0
220108,0
220099,0
220105,0
220104,0
220103,0
220080,0
220079,0
220115,0
220098,0
220088,0
220087,0
220086,0
220077,0
220083,0
220082,0
220111,0
220094,0
220095,0
220075,0
220107,0
220106,0
220100,0
220101,0
220102,0
220114,0
220081,0
220112,0
220113,0
220097,0
220096,0
220109,0
220110,0
220078,0
220076,0
220090,0
220091,0
220092,0
220093,0
220089,0
220085,0
220084,0
219980,2
219981,2
220197,0
220196,0
220134,0
220191,0
220190,0
220189,0
220158,0
220159,0
220157,0
220143,0
220142,0
220138,0
220170,0
220155,0
220175,0
220174,0
220186,0
220181,0
220162,0
220161,0
220160,0
220192,0
220193,0
220163,0
220127,0
220171,0
220140,0
220122,0
220121,0
220139,0
220133,0
220150,0
220149,0
220151,0
220188,0
220187,0
219982,2
220176,0
220177,0
220144,0
220119,0
220120,0
220183,0
220184,0
220185,0
220135,0
220136,0
220137,0
220169,0
220168,0
220166,0
220165,0
220167,0
220124,0
219983,2
220145,0
220146,0
220129,0
220128,0
220182,0
220199,0
220173,0
220172,0
220180,0
220178,0
220179,0
220116,0
220125,0
220126,0
220123,0
220141,0
220152,0
220153,0
220154,0
220156,0
220198,0
220130,0
220131,0
220194,0
220195,0
220117,0
220132,0
220164,0
220147,0
220148,0
220118,0
220200,0
219984,2
220203,0
220227,0
220226,0
220220,0
220221,0
220222,0
220213,0
220212,0
220210,0
220209,0
220208,0
220224,0
220214,0
220215,0
220223,0
220225,0
220211,0
220219,0
220205,0
220204,0
220206,0
220207,0
220202,0
220201,0
220216,0
220218,0
220217,0
219985,2
220261,0
220238,0
220237,0
220236,0
220265,0
220248,0
220249,0
220251,0
220250,0
220231,0
220259,0
220258,0
220257,0
220232,0
220262,0
220264,0
220263,0
220275,0
220269,0
220256,0
220255,0
220254,0
220253,0
220260,0
220272,0
220271,0
220273,0
219986,2
220233,0
220234,0
220235,0
220274,0
220268,0
220266,0
220267,0
220270,0
220240,0
220239,0
220247,0
220246,0
220245,0
220244,0
220252,0
220242,0
220243,0
220241,0
220230,0
220229,0
220228,0
220289,0
220280,0
220290,0
220277,0
220276,0
220279,0
220278,0
220285,0
220284,0
220286,0
220288,0
220287,0
220283,0
220281,0
220282,0
219987,2
220312,0
220323,0
220307,0
220309,0
220308,0
220306,0
220314,0
220313,0
220316,0
220315,0
220326,0
220325,0
220324,0
220321,0
220305,0
220303,0
220304,0
220294,0
220295,0
220293,0
220299,0
220300,0
220318,0
220317,0
220310,0
220311,0
220302,0
220301,0
220296,0
220297,0
220298,0
220322,0
220320,0
220292,0
220291,0
220319,0
219988,2
220366,0
220365,0
220364,0
220342,0
220341,0
220343,0
220346,0
220348,0
220347,0
220356,0
220357,0
220359,0
220358,0
220336,0
220370,0
220361,0
220363,0
220362,0
220345,0
220344,0
220352,0
220354,0
220353,0
220355,0
220369,0
220368,0
220367,0
220339,0
220340,0
220338,0
220337,0
220351,0
220350,0
220360,0
220349,0
219989,2
220331,0
220329,0
220328,0
220327,0
220335,0
220332,0
220333,0
220334,0
220330,0
219990,2
220423,0
220422,0
220421,0
220384,0
220374,0
220373,0
220419,0
220418,0
220417,0
220420,0
220396,0
220395,0
220394,0
220413,0
220424,0
220425,0
220426,0
220377,0
220378,0
219991,2
220410,0
220380,0
220379,0
220404,0
220381,0
220376,0
220375,0
220382,0
220383,0
219992,2
220388,0
220387,0
220386,0
220400,0
220402,0
220401,0
220430,0
220385,0
220405,0
220392,0
220393,0
220390,0
220391,0
220427,0
220412,0
220411,0
220416,0
220414,0
220415,0
220429,0
220428,0
220389,0
220406,0
220407,0
220408,0
220398,0
220397,0
220403,0
220399,0
220372,0
220371,0
220409,0
219993,2
220495,0
220494,0
220497,0
220496,0
220459,0
220483,0
220484,0
220432,0
220431,0
220443,0
220442,0
219994,2
220478,0
220477,0
220476,0
220470,0
220469,0
220468,0
220448,0
220449,0
220450,0
220510,0
220508,0
220509,0
219995,2
220453,0
220471,0
220481,0
220480,0
220491,0
220492,0
220499,0
220465,0
220490,0
220440,0
220475,0
220438,0
220437,0
220435,0
220436,0
220455,0
220454,0
220456,0
220439,0
220489,0
220479,0
220507,0
220506,0
220493,0
220434,0
220433,0
220458,0
220501,0
220502,0
220457,0
220487,0
220486,0
220505,0
220504,0
220485,0
219996,2
220460,0
220498,0
220464,0
220451,0
220452,0
220474,0
220503,0
220446,0
220447,0
220445,0
220444,0
220466,0
220467,0
220463,0
220500,0
220441,0
220462,0
220461,0
220473,0
220472,0
220488,0
220482,0
219997,2
221074,0
221075,0
221076,0
221069,0
221068,0
221073,0
221092,0
221091,0
221079,0
221080,0
221078,0
221077,0
221090,0
221093,0
221071,0
221097,0
221098,0
221096,0
221095,0
221094,0
221081,0
221082,0
221083,0
221084,0
221086,0
221085,0
221072,0
221065,0
221064,0
221066,0
221067,0
219998,2
221070,0
221088,0
221089,0
221087,0
219999,2
221276,0
221286,0
221287,0
221306,0
221305,0
221272,0
221263,0
221281,0
221273,0
221274,0
221307,0
221275,0
221270,0
221269,0
221271,0
221299,0
221278,0
221277,0
221289,0
221288,0
221279,0
221298,0
220000,2
221283,0
221282,0
221285,0
221284,0
221303,0
221302,0
221290,0
221291,0
221292,0
221293,0
221280,0
221308,0
221296,0
221297,0
221262,0
221261,0
221304,0
221265,0
221264,0
221266,0
221268,0
221267,0
221295,0
221294,0
221300,0
221301,0
220001,2
221218,0
221217,0
221252,0
221233,0
221225,0
221224,0
221226,0
221241,0
221240,0
221257,0
221256,0
221258,0
221227,0
221231,0
221249,0
221229,0
221230,0
221244,0
221243,0
221219,0
221234,0
221239,0
220002,2
221255,0
221254,0
221253,0
221242,0
221223,0
221222,0
221245,0
221246,0
221248,0
221260,0
221259,0
221251,0
221250,0
221247,0
221220,0
221221,0
221228,0
221232,0
221238,0
221235,0
221236,0
221237,0
220003,2
221360,0
221330,0
221329,0
221319,0
221337,0
221340,0
221339,0
221309,0
221321,0
221320,0
221322,0
221341,0
221342,0
221343,0
221359,0
221350,0
221351,0
221349,0
220004,2
221312,0
221318,0
221313,0
221361,0
221311,0
221310,0
221348,0
221327,0
221328,0
221375,0
221370,0
221369,0
221356,0
221357,0
221344,0
221316,0
221315,0
221336,0
221335,0
221345,0
221374,0
221373,0
221325,0
221324,0
221358,0
221314,0
221352,0
221354,0
221353,0
221355,0
221365,0
221366,0
221364,0
221367,0
221368,0
221317,0
221323,0
221362,0
221363,0
221326,0
221372,0
221371,0
221332,0
221331,0
221347,0
221346,0
221334,0
221333,0
221338,0
220005,2
221458,0
221474,0
221470,0
221472,0
221471,0
221479,0
221467,0
221466,0
221476,0
221475,0
221461,0
221487,0
221462,0
221463,0
221469,0
221468,0
221478,0
221477,0
221473,0
221489,0
221488,0
221481,0
221480,0
221464,0
221456,0
221482,0
221490,0
221491,0
221457,0
221465,0
221492,0
221459,0
221460,0
221483,0
221485,0
221484,0
221486,0
220006,2
221412,0
221378,0
221389,0
221388,0
221403,0
221402,0
221390,0
221396,0
221395,0
221382,0
221381,0
221387,0
221376,0
221377,0
221385,0
221411,0
221410,0
221404,0
221393,0
221394,0
221392,0
221391,0
221379,0
221384,0
221383,0
221386,0
220007,2
221405,0
221406,0
221407,0
221399,0
221401,0
221400,0
221380,0
221408,0
221409,0
221397,0
221398,0
221437,0
221438,0
221433,0
221423,0
221425,0
221443,0
221434,0
221435,0
221436,0
221421,0
221424,0
221422,0
221453,0
221452,0
221430,0
221432,0
221431,0
221454,0
221455,0
221429,0
221428,0
221448,0
221449,0
221450,0
221451,0
221418,0
221419,0
221420,0
221417,0
221441,0
221442,0
221414,0
221415,0
221413,0
221440,0
221439,0
221447,0
221444,0
221446,0
221445,0
221427,0
221426,0
221416,0
220008,2
221526,0
221528,0
221527,0
221509,0
221508,0
221546,0
221544,0
221543,0
221545,0
221505,0
221532,0
221496,0
221515,0
221537,0
221514,0
221503,0
221535,0
221523,0
221541,0
221542,0
221525,0
221504,0
221516,0
221517,0
221540,0
221539,0
221551,0
221550,0
221494,0
221519,0
221533,0
221534,0
221506,0
221507,0
221498,0
220009,2
221524,0
221531,0
221536,0
221497,0
221510,0
221511,0
221549,0
221500,0
221501,0
221502,0
221520,0
221521,0
221522,0
221529,0
221548,0
221493,0
221530,0
221499,0
221538,0
221518,0
221513,0
221512,0
221547,0
221495,0
220010,2
221613,0
221614,0
221617,0
221618,0
221637,0
221622,0
221584,0
221583,0
221606,0
221610,0
221609,0
221589,0
221586,0
221588,0
221633,0
221555,0
221556,0
221598,0
221596,0
221597,0
221562,0
221579,0
221590,0
221591,0
221560,0
221561,0
221564,0
221612,0
221611,0
221602,0
221578,0
221577,0
221601,0
221635,0
221636,0
221571,0
221572,0
221616,0
221615,0
221559,0
221558,0
221566,0
221567,0
221585,0
221573,0
221626,0
221627,0
221625,0
220011,2
221580,0
221568,0
221569,0
221565,0
221629,0
221630,0
221600,0
221599,0
221628,0
221563,0
221608,0
221607,0
221623,0
221624,0
221582,0
221604,0
221603,0
221632,0
221631,0
221592,0
221554,0
221553,0
221587,0
221581,0
221575,0
221576,0
221574,0
221557,0
221605,0
221552,0
221620,0
221621,0
221634,0
221595,0
221619,0
221570,0
221594,0
221593,0
220012,2
221639,0
221638,0
221683,0
221667,0
221668,0
221663,0
221662,0
221689,0
221688,0
221687,0
221693,0
221692,0
221682,0
221686,0
221669,0
221674,0
221673,0
221646,0
221675,0
221655,0
221656,0
221657,0
221652,0
221647,0
221648,0
221670,0
221671,0
221660,0
221684,0
221685,0
221642,0
221643,0
221641,0
221677,0
221676,0
221678,0
221690,0
221691,0
221672,0
221664,0
221665,0
221649,0
221650,0
221666,0
221653,0
221651,0
220013,2
221698,0
221699,0
221640,0
221681,0
221680,0
221696,0
221694,0
221697,0
221695,0
221679,0
221654,0
221658,0
221659,0
221644,0
221661,0
221645,0
220014,2
221798,0
221799,0
221781,0
221782,0
221801,0
221800,0
221771,0
221769,0
221770,0
221806,0
221762,0
221763,0
221765,0
221805,0
221804,0
221791,0
221792,0
221790,0
221757,0
221764,0
221802,0
221797,0
221780,0
221810,0
221809,0
221808,0
221796,0
221755,0
221756,0
221759,0
221784,0
221754,0
221772,0
221774,0
221773,0
221766,0
221775,0
220015,2
221758,0
221760,0
221761,0
221776,0
221768,0
221779,0
221811,0
221807,0
221812,0
221815,0
221789,0
221788,0
221767,0
221777,0
221814,0
221813,0
221803,0
221783,0
221778,0
221794,0
221793,0
221795,0
221787,0
221786,0
221785,0
220016,2
221709,0
221705,0
221706,0
221700,0
221735,0
221726,0
221727,0
221725,0
221720,0
221708,0
221719,0
221710,0
221711,0
221737,0
221744,0
221736,0
221721,0
221722,0
221749,0
221724,0
221728,0
221729,0
221750,0
221718,0
221716,0
221717,0
221748,0
221745,0
221746,0
221747,0
221704,0
221723,0
221743,0
221752,0
221751,0
221739,0
221742,0
220017,2
221703,0
221753,0
221738,0
221734,0
221707,0
221741,0
221740,0
221713,0
221712,0
221730,0
221733,0
221731,0
221732,0
221702,0
221701,0
221715,0
221714,0
220018,2
221832,0
221846,0
221845,0
221844,0
221850,0
221848,0
221847,0
221849,0
221823,0
221824,0
221835,0
221836,0
221843,0
221838,0
221831,0
221822,0
221821,0
221825,0
221826,0
221841,0
221840,0
221839,0
221816,0
221817,0
221818,0
221837,0
221819,0
221820,0
221842,0
221830,0
221827,0
221828,0
221829,0
221833,0
221834,0
221851,0
220019,2
221857,0
221854,0
221868,0
221867,0
221860,0
221861,0
221863,0
221856,0
221862,0
221852,0
221864,0
221865,0
221858,0
221859,0
221866,0
221853,0
221855,0
220020,2
221893,0
221892,0
221890,0
221891,0
221954,0
221941,0
221885,0
221876,0
221877,0
221894,0
221913,0
221921,0
221926,0
221911,0
221929,0
221917,0
221915,0
221916,0
221897,0
221914,0
221957,0
221958,0
221895,0
221896,0
221920,0
221943,0
221960,0
221959,0
221875,0
221906,0
221956,0
221961,0
221942,0
221928,0
221953,0
221884,0
220021,2
221888,0
221870,0
221871,0
221869,0
221907,0
221908,0
221910,0
221909,0
221946,0
221948,0
221949,0
221947,0
221931,0
221930,0
221889,0
221955,0
221872,0
221944,0
221887,0
221886,0
221873,0
221874,0
221927,0
221940,0
221939,0
221952,0
221919,0
221938,0
221937,0
221936,0
221905,0
221902,0
221903,0
221904,0
221924,0
221925,0
221879,0
221878,0
221918,0
221950,0
221951,0
221898,0
221900,0
221899,0
221901,0
221932,0
221881,0
221880,0
221923,0
221922,0
221945,0
221934,0
221933,0
221935,0
221912,0
221882,0
221883,0
220022,2
221971,0
221973,0
221972,0
221984,0
221989,0
221990,0
221980,0
221981,0
221964,0
221968,0
221970,0
221967,0
221969,0
221985,0
221986,0
221974,0
221983,0
221982,0
221988,0
221987,0
221966,0
221965,0
221978,0
221979,0
221992,0
221991,0
221975,0
221962,0
221963,0
221976,0
221977,0
220023,2
222029,0
222030,0
222031,0
221997,0
222022,0
222023,0
222059,0
222058,0
222043,0
222042,0
222008,0
222036,0
222035,0
222034,0
222033,0
222032,0
222020,0
222021,0
222039,0
222038,0
222037,0
222040,0
222019,0
222026,0
222046,0
222024,0
222025,0
222051,0
222050,0
222049,0
222017,0
222016,0
222061,0
222060,0
222053,0
222052,0
222009,0
222007,0
220024,2
222015,0
222010,0
222012,0
222011,0
222005,0
222000,0
222001,0
222041,0
221999,0
222013,0
222014,0
222056,0
222018,0
222006,0
221993,0
221994,0
221995,0
221998,0
222028,0
222027,0
221996,0
222044,0
222045,0
222004,0
222002,0
222003,0
222064,0
222057,0
222048,0
222047,0
222063,0
222062,0
222055,0
222054,0
220025,2
222069,0
222072,0
222071,0
222070,0
222073,0
222075,0
222074,0
222065,0
222067,0
222068,0
222066,0
222105,0
222107,0
222087,0
222088,0
222136,0
222095,0
222099,0
222098,0
222094,0
222093,0
222127,0
222119,0
222129,0
222118,0
222124,0
222091,0
222100,0
222092,0
222106,0
222090,0
222089,0
222101,0
222116,0
222117,0
222112,0
222132,0
220026,2
222126,0
222125,0
222138,0
222128,0
222110,0
222111,0
222081,0
222082,0
222084,0
222083,0
222085,0
222078,0
222077,0
222076,0
222097,0
222096,0
222121,0
222120,0
222134,0
222135,0
222080,0
222079,0
222109,0
222108,0
222122,0
222123,0
222113,0
222131,0
222140,0
222139,0
222141,0
222086,0
222130,0
222102,0
222115,0
222114,0
222133,0
222103,0
222104,0
222137,0
220027,2
222212,0
222143,0
222190,0
222224,0
222151,0
222150,0
222205,0
222206,0
222207,0
222218,0
222219,0
222184,0
222185,0
222186,0
222158,0
222159,0
222200,0
222201,0
222202,0
222220,0
222155,0
222196,0
222195,0
222197,0
222217,0
222204,0
222161,0
222160,0
222162,0
222144,0
222146,0
222145,0
222227,0
222193,0
222168,0
222199,0
222214,0
222216,0
222215,0
222181,0
222180,0
220028,2
222178,0
222153,0
222152,0
222154,0
222167,0
222166,0
222177,0
222156,0
222157,0
222213,0
222164,0
222163,0
222165,0
222171,0
222147,0
222148,0
222149,0
222175,0
222223,0
222222,0
222203,0
222170,0
222169,0
222173,0
222172,0
222174,0
222189,0
222182,0
222183,0
222179,0
222211,0
222210,0
222209,0
222208,0
222194,0
222198,0
222142,0
222187,0
222225,0
222226,0
222192,0
222191,0
222176,0
222188,0
222221,0
220029,2
222256,0
222230,0
222262,0
222261,0
222250,0
222251,0
222240,0
222249,0
222239,0
222267,0
222263,0
222244,0
222243,0
222242,0
222259,0
222232,0
222231,0
222229,0
222228,0
222253,0
222254,0
222248,0
222266,0
222265,0
222264,0
222245,0
222234,0
222233,0
222235,0
222246,0
222255,0
222241,0
222237,0
222236,0
222247,0
222260,0
222257,0
222238,0
222252,0
222258,0
222269,0
222268,0
220030,2
222271,0
222270,0
222288,0
222283,0
222297,0
222292,0
222291,0
222306,0
222309,0
222277,0
222300,0
222276,0
222273,0
222281,0
222282,0
222302,0
222301,0
222305,0
222287,0
222274,0
222304,0
222303,0
222290,0
222294,0
222293,0
222295,0
222296,0
222299,0
222298,0
222275,0
222284,0
222286,0
222285,0
222308,0
222307,0
222289,0
222278,0
222279,0
222272,0
222280,0
220031,2
222343,0
222353,0
222352,0
222351,0
222349,0
222341,0
222346,0
222345,0
222350,0
222340,0
222347,0
222344,0
222342,0
222348,0
222354,0
222356,0
222355,0
220032,2
222322,0
222321,0
222319,0
222311,0
222339,0
220033,2
222314,0
222326,0
222317,0
222330,0
222316,0
222310,0
222335,0
222318,0
222327,0
222312,0
222315,0
222338,0
222336,0
222320,0
222324,0
222337,0
222329,0
222331,0
222333,0
222332,0
222328,0
222334,0
222323,0
222313,0
222325,0
220034,2
222383,0
222380,0
222428,0
222429,0
222382,0
222422,0
222437,0
222388,0
222387,0
222389,0
222370,0
222379,0
222416,0
222362,0
222364,0
222363,0
222397,0
222396,0
222395,0
222366,0
222408,0
222394,0
222393,0
222400,0
222374,0
222399,0
222434,0
222435,0
222436,0
222358,0
222409,0
222410,0
222433,0
222406,0
222405,0
222368,0
222367,0
222369,0
222378,0
222377,0
222357,0
222398,0
220035,2
222414,0
222372,0
222411,0
222402,0
222401,0
222425,0
222384,0
222360,0
222359,0
222431,0
222381,0
222361,0
222426,0
222373,0
222412,0
222413,0
222424,0
222438,0
222371,0
222427,0
222420,0
222365,0
222407,0
222375,0
222418,0
222419,0
222392,0
222404,0
222417,0
222385,0
222386,0
222403,0
222430,0
222376,0
222423,0
222432,0
222390,0
222415,0
222391,0
222421,0
222440,0
222439,0
220036,2
222506,0
222510,0
222485,0
222502,0
222495,0
222484,0
222459,0
222527,0
222526,0
222525,0
222509,0
222475,0
222445,0
222498,0
222499,0
222471,0
222470,0
222474,0
222453,0
222500,0
222518,0
222447,0
222449,0
222448,0
222489,0
222508,0
222507,0
222483,0
222496,0
222460,0
222452,0
222443,0
222444,0
222458,0
222503,0
222450,0
222504,0
222468,0
222467,0
222469,0
220037,2
222472,0
222524,0
222491,0
222490,0
222511,0
222473,0
222497,0
222505,0
222441,0
222512,0
222442,0
222519,0
222523,0
222522,0
222520,0
222521,0
222513,0
222482,0
222464,0
222486,0
222451,0
222492,0
222494,0
222493,0
222465,0
222466,0
222487,0
222488,0
222462,0
222461,0
222463,0
222515,0
222514,0
222516,0
222517,0
222457,0
222456,0
222454,0
222455,0
222501,0
222477,0
222476,0
222446,0
222481,0
222480,0
222478,0
222479,0
220038,2
222539,0
222538,0
222540,0
222544,0
222560,0
222559,0
222561,0
222543,0
222542,0
222541,0
222548,0
222549,0
222564,0
222563,0
222529,0
222528,0
222570,0
222569,0
222535,0
222536,0
222537,0
222554,0
222553,0
222552,0
222555,0
222530,0
222580,0
222579,0
222531,0
222545,0
222547,0
222546,0
222582,0
222574,0
222575,0
222557,0
222556,0
222558,0
222532,0
222551,0
222562,0
222584,0
222583,0
222573,0
222572,0
222571,0
222581,0
222533,0
222534,0
222576,0
222565,0
222567,0
222566,0
222568,0
222550,0
222578,0
222577,0
222607,0
222612,0
222611,0
222610,0
222593,0
222605,0
222601,0
222588,0
222587,0
222590,0
222589,0
222595,0
222613,0
222597,0
222592,0
222608,0
222609,0
222594,0
222620,0
222621,0
220039,2
222606,0
222599,0
222617,0
222602,0
222619,0
222603,0
222600,0
222591,0
222616,0
222604,0
222598,0
222618,0
222615,0
222585,0
222586,0
222596,0
222614,0
219947,2
219359,2
219360,2
219361,2
219362,2
219363,2
219364,2
219365,2
219366,2
219367,2
219368,2
219948,2
219424,2
219425,2
219426,2
219427,2
219428,2
219429,2
219430,2
219431,2
219432,2
219433,2
219434,2
219435,2
219436,2
219437,2
219438,2
219439,2
218789,2
219440,2
218790,2
219441,2
218791,2
219442,2
218792,2
219443,0
218793,2
219444,2
218794,2
219445,2
218795,2
219446,2
218796,2
219447,0
218797,2
219448,2
218798,2
219449,2
218799,2
219450,2
219451,2
219452,2
219453,2
219454,2
219455,2
219456,2
219457,2
219458,2
218800,2
219459,2
218801,2
219460,2
219461,2
219462,2
219463,2
218802,0
219464,2
218803,2
219465,2
218804,0
219466,2
218805,2
219467,2
218806,2
219468,2
218807,0
219469,0
218808,0
218809,0
219470,2
218810,0
218811,0
219471,2
218812,2
219472,2
218813,2
219473,2
218814,0
219474,2
218815,2
219475,2
218816,2
219476,2
218818,0
218817,0
218819,0
219477,2
218820,2
218821,2
218822,2
218823,2
218827,0
218825,0
218824,0
218826,0
218828,2
218829,2
218830,2
218831,2
218832,2
218833,2
218834,2
218836,0
218835,0
218837,2
218838,2
218839,2
218840,2
218841,2
218842,2
218843,2
218844,2
218845,2
218846,2
218847,2
218848,2
218849,0
218850,0
218851,0
218852,0
218853,0
218854,0
218855,2
218858,0
218857,0
218856,0
218859,2
218860,2
218861,2
218862,2
218863,2
218864,2
218865,2
218866,2
218867,2
218868,2
218869,2
218870,2
218871,2
218872,0
218873,2
218874,2
218875,2
218876,2
218877,2
218878,2
218879,2
218880,2
218881,2
218882,0
218883,0
218884,0
218885,2
218886,2
218887,2
218888,2
218889,2
218890,2
218891,2
218892,2
218893,2
218894,2
218896,0
218895,0
218897,2
218898,2
218899,2
218900,2
218901,2
218902,0
218903,2
218904,2
218905,2
218906,0
218907,0
218908,2
218909,2
218910,2
218911,2
218912,2
218913,2
218914,0
218915,0
218916,0
218917,2
218918,2
218919,2
218920,2
218921,2
218922,2
218923,2
218924,2
218925,2
218926,2
218927,2
218928,0
218929,0
218930,0
218931,0
218932,2
218933,2
218934,0
218935,0
218936,0
218937,0
218938,0
218939,2
218940,0
218941,2
218942,2
218943,2
218944,2
218945,2
218946,2
218947,0
218948,0
218949,0
218950,2
2330,0
218951,2
219478,2
218953,0
218952,0
219479,2
218954,0
219480,2
218955,0
219481,0
218956,0
219482,0
218957,0
218958,0
219483,0
219484,0
218959,2
219485,0
218962,0
218961,0
218960,0
219486,0
218963,0
219487,2
218964,2
218965,0
219488,2
218966,0
219489,2
218967,0
219490,0
218968,0
219491,0
218969,0
219492,2
218970,0
219493,2
218972,0
218971,0
219494,2
218973,0
219495,0
218974,0
219496,2
218975,2
219497,2
218976,0
218977,0
219498,2
218978,0
219499,2
218980,0
218979,0
219500,2
218981,0
219501,2
218983,0
218982,0
218984,0
219502,0
218987,0
218985,0
218986,0
219503,2
218989,0
218988,0
219504,0
218990,0
219505,2
218991,2
219506,2
218992,0
218994,0
218993,0
219507,2
218995,0
219508,2
218996,0
219509,2
218997,0
219510,2
218998,0
219511,2
218999,0
219000,0
219001,0
219512,0
219514,0
219513,0
219002,2
219515,2
219003,0
219517,0
219516,0
219004,2
219518,2
219005,0
219519,0
219520,0
219006,2
219521,0
219007,2
219522,2
219008,0
219009,0
219523,2
219010,0
219525,0
219524,0
219011,0
219526,2
219012,2
219527,2
219013,2
219528,2
219015,0
219019,0
219017,0
219018,0
219014,0
219016,0
219021,0
219020,0
219529,0
219022,0
219530,0
219023,0
219531,2
219024,0
219532,2
219533,2
219025,2
219535,0
219534,0
219536,0
219026,2
219537,0
219538,0
219027,2
219539,0
219028,2
219540,2
219029,2
219541,2
219030,2
219542,2
219031,2
219543,2
219032,2
219544,0
219033,2
219545,0
219034,2
219546,0
219035,2
219547,0
219036,2
219548,0
219037,2
219549,2
219038,2
219550,2
219039,2
219551,2
219040,2
219552,2
219041,2
219553,2
219042,2
219554,2
219043,2
219555,2
219044,2
219556,2
219045,2
219557,0
219046,2
219559,0
219558,0
219047,2
219561,0
219560,0
219048,2
219562,0
219049,2
219563,2
219050,2
219564,0
219051,2
219565,2
219052,2
219566,0
219567,0
219053,2
219568,2
219054,0
219569,2
219055,2
219571,0
219570,0
219056,2
219572,2
219057,2
219573,2
219058,2
219574,0
219059,2
219575,2
219060,2
219576,2
219061,0
219577,2
219063,0
219062,0
219578,2
219064,2
219579,2
219065,0
219580,2
219066,2
219581,2
219067,0
219582,2
219068,0
219583,0
219069,0
219584,2
219070,2
219585,2
219071,0
219586,2
219072,2
219587,2
219073,2
219588,2
219074,2
219589,2
219075,0
219076,2
219590,2
219077,2
219591,2
219078,2
219592,2
219079,2
219593,2
219080,2
219594,2
219081,0
219595,2
219082,2
219596,2
219084,0
219083,0
219597,2
219085,2
219598,2
219086,2
219599,2
219087,0
219600,2
219088,2
219601,0
219089,2
219602,2
219090,2
219603,2
219091,2
219604,2
219092,2
219605,2
219093,2
219606,2
219094,2
219607,2
219095,2
219608,2
219096,2
219609,2
219097,2
219610,2
219098,2
219611,0
219099,0
219612,0
219100,2
219613,0
219101,2
219615,0
219614,0
219102,2
219616,0
219103,2
219618,0
219617,0
219104,2
219619,0
219620,0
219105,2
219621,2
219106,2
219622,2
219107,2
219623,2
219108,2
219624,0
219109,2
219625,0
219110,2
219626,0
219111,2
219627,2
219112,2
219628,2
219113,2
219629,0
219114,2
219631,0
219630,0
219115,2
219633,0
219632,0
219116,2
219634,0
219117,2
219635,2
219118,2
219636,2
219119,0
219637,0
219120,2
219639,0
219638,0
219121,2
219640,0
219122,2
219642,0
219641,0
219123,2
219643,2
219124,2
219644,2
219125,2
219645,2
219126,2
219646,0
219647,0
219127,2
219128,2
219129,2
219130,2
219131,2
219132,2
219133,2
219134,2
219135,2
219136,2
219137,2
219138,2
219139,2
219140,2
2331,0
219648,2
219141,2
219649,2
219142,2
219650,2
219143,0
219651,2
219144,0
219652,0
219145,0
219653,2
219146,2
219654,2
219147,2
219655,2
219148,2
219656,2
219149,0
219657,2
219150,0
219658,2
219151,2
219659,2
219152,2
219660,0
219153,0
219154,0
219661,2
219157,0
219155,0
219156,0
219662,2
219158,0
219160,0
219159,0
219663,2
219161,0
219664,0
219162,0
219163,0
219665,2
219166,0
219164,0
219165,0
219666,0
219667,0
219167,0
219170,0
219171,0
219169,0
219168,0
219668,2
219173,0
219172,0
219669,2
219176,0
219175,0
219174,0
219670,2
219177,0
219178,0
219179,0
219671,2
219180,2
219672,2
219181,0
219182,0
219673,2
219183,2
219674,2
219184,2
219675,2
219186,0
219185,0
219677,0
219676,0
219189,0
219187,0
219188,0
219679,0
219678,0
219190,2
219680,2
219191,0
219192,0
219193,0
219681,0
219194,0
219682,2
219196,0
219195,0
219683,2
219197,0
219684,2
219198,0
219685,2
219199,0
219686,2
219200,0
219201,0
219687,0
219688,0
219202,0
219690,0
219691,0
219689,0
219203,0
219205,0
219204,0
219692,0
219206,2
219693,0
219207,2
219694,0
219695,0
219208,0
219696,0
219697,0
219210,0
219209,0
219698,2
219211,0
219699,2
219212,0
219213,0
219701,0
219700,0
219214,0
219215,0
219703,0
219704,0
219702,0
219216,2
219707,0
219705,0
219706,0
219217,0
219712,0
219709,0
219708,0
219711,0
219710,0
219218,0
219714,0
219713,0
219715,0
219219,0
219717,0
219716,0
219718,0
2332,0
2333,0
2334,0
219719,2
219220,0
219720,2
219222,0
219223,0
219221,0
219721,2
219224,0
219225,0
219722,2
219226,2
219723,2
219228,0
219227,0
219724,0
219230,0
219229,0
219725,2
219231,0
219726,2
219232,0
219233,0
219234,0
219727,2
219235,0
219728,0
219729,0
219236,2
219730,2
219238,0
219237,0
219731,0
219732,0
219239,0
219733,2
219240,0
219241,0
219242,0
219734,2
219244,0
219243,0
219735,2
219245,0
219736,2
219246,0
219247,0
219737,2
219249,0
219250,0
219248,0
219738,0
219251,2
219739,2
219252,2
219740,2
219254,0
219253,0
219741,2
219256,0
219255,0
219742,0
219257,0
219743,2
219259,0
219260,0
219258,0
219744,2
219261,0
219745,2
219262,0
219263,0
219264,0
219746,2
219265,2
219747,2
219266,0
219748,2
219267,0
219749,2
219269,0
219271,0
219270,0
219268,0
219750,2
219272,2
219751,2
219274,0
219275,0
219273,0
219752,2
219281,0
219278,0
219276,0
219279,0
219280,0
219277,0
219753,2
219282,2
219754,2
219283,2
219755,2
219284,0
219756,2
219286,0
219285,0
219757,2
219287,0
219758,2
219289,0
219288,0
219759,2
219291,0
219290,0
219760,2
2335,0
2336,0
219292,0
219761,2
219293,2
219762,2
219294,2
219763,2
219295,2
219764,0
219296,0
219765,0
219298,0
219297,0
219299,0
219766,2
219301,0
219300,0
219303,0
219302,0
219767,2
219305,0
219304,0
219768,2
219306,2
219769,2
219307,2
219770,0
219308,0
219309,0
219771,2
219310,0
219772,0
219312,0
219311,0
219773,0
219313,2
219774,2
219314,0
219775,2
219316,0
219315,0
219776,2
219318,0
219317,0
219777,2
219319,2
219778,2
219320,2
219779,2
219321,0
219780,2
219322,0
219781,2
219323,0
219324,0
219326,0
219325,0
219782,0
219327,2
219783,2
219328,0
219784,2
219329,0
219785,2
219330,2
219786,2
219331,2
219787,0
219332,0
219788,0
219333,0
219789,2
219334,2
219790,2
219335,2
219791,2
219336,0
219792,2
219337,0
219793,2
219338,2
219794,2
219339,2
219795,2
219340,2
219796,2
219341,2
219797,2
219342,2
219798,2
219343,0
219799,2
219344,2
219800,2
219345,2
219801,2
219347,0
219346,0
219802,0
219803,0
219348,0
219804,2
219350,0
219349,0
219351,0
219805,2
219352,2
219806,2
219354,0
219353,0
219807,2
219355,0
219808,0
219357,0
219356,0
219809,0
219810,0
219358,2
219811,2
219369,2
219812,2
219371,0
219372,0
219374,0
219373,0
219370,0
219813,0
219375,2
219814,2
219376,0
219377,0
219815,2
219380,0
219379,0
219378,0
219816,0
219381,0
219382,0
219817,0
219384,0
219383,0
219818,0
219386,0
219387,0
219385,0
219819,2
219390,0
219388,0
219391,0
219392,0
219389,0
219820,0
219822,0
219821,0
219823,2
219824,2
219825,2
219826,2
219827,2
219828,2
219829,0
219830,0
219831,2
219832,2
219833,2
219834,2
219835,2
219836,0
219837,0
219838,2
219840,0
219841,0
219839,0
219842,2
219845,0
219844,0
219843,0
219846,0
219847,0
219848,2
219851,0
219850,0
219849,0
219852,0
219853,2
219855,0
219854,0
219857,0
219856,0
219858,2
2403,0
2406,0
2404,0
2408,0
2405,0
2407,0
219859,2
219393,2
2337,0
219394,0
219860,0
219395,0
219861,0
219396,2
219862,2
219397,0
219398,0
219863,0
219399,0
219864,0
219400,0
219865,2
219401,0
219866,0
219403,0
219402,0
219867,0
219405,0
219406,0
219404,0
219868,0
219407,2
219869,2
219408,2
219870,2
219409,0
219871,2
219410,0
219873,0
219872,0
219411,0
219874,2
219412,2
219875,2
219413,0
219876,2
219414,0
219877,2
219415,2
219878,2
219416,2
219879,2
219417,0
219880,2
219418,0
219881,2
219419,0
219882,2
219420,2
219883,2
219421,0
219884,2
219422,2
219885,0
219423,0
219886,0
219887,0
219888,0
219889,2
219890,2
219892,0
219891,0
219893,2
219894,2
219895,2
219896,2
219897,2
219898,2
219899,2
219900,0
219901,2
219902,2
219903,2
219904,0
219905,2
219906,2
219907,2
219909,0
219908,0
219910,0
219911,2
219912,2
219913,2
2338,0
219915,0
219916,0
219914,0
219917,0
219918,0
219919,0
219921,0
219920,0
219922,0
219924,0
219923,0
219925,0
219926,0
219927,0
219929,0
219930,0
219931,0
219928,0
219932,0
219933,0
219934,2
219935,2
219936,0
219937,0
219938,0
219939,2
219940,2
219942,0
219941,0
219943,0
219944,0
219945,0
219946,0
2409,0
2410,0
2411,0
2412,0
2413,0
2416,0
2415,0
2414,0
2417,0
2421,0
2420,0
2419,0
2418,0
2424,0
2422,0
2423,0
2340,0
2342,0
2341,0
2343,0
2344,0
2345,0
2347,0
2346,0
2348,0
2354,0
2352,0
2353,0
2356,0
2357,0
2351,0
2355,0
2350,0
2349,0
2361,0
2358,0
2360,0
2359,0
2471,0
2472,0
2474,0
2477,0
2476,0
2479,0
2483,0
2480,0
2484,0
2482,0
2481,0
2478,0
2487,0
2486,0
2485,0
2488,0
2489,0
2490,0
2430,0
2433,0
2492,0
2491,0
2496,0
2425,0
2428,0
2429,0
2370,0
2363,0
2366,0
2368,0
2367,0
2364,0
2365,0
2362,0
2495,0
2369,0
2426,0
2427,0
2431,0
2432,0
2497,0
2494,0
2493,0
2434,0
2436,0
2435,0
2375,0
2373,0
2374,0
2371,0
2372,0
2439,0
2438,0
2440,0
2378,0
2441,0
2442,0
2437,0
2379,0
2380,0
2381,0
2377,0
2376,0
2443,0
2501,0
2503,0
2499,0
2498,0
2500,0
2502,0
2444,0
2504,0
2383,0
2384,0
2382,0
2445,0
2446,0
2447,0
2505,0
2506,0
2448,0
2386,0
2449,0
2508,0
2387,0
2385,0
2450,0
2507,0
2511,0
2391,0
2392,0
2388,0
2390,0
2389,0
2452,0
2451,0
2509,0
2510,0
2457,0
2456,0
2454,0
2515,0
2395,0
2518,0
2459,0
2453,0
2455,0
2396,0
2397,0
2398,0
2400,0
2401,0
2399,0
2394,0
2393,0
2402,0
2517,0
2516,0
2514,0
2513,0
2512,0
2458,0
2558,0
2556,0
2552,0
2548,0
2554,0
2545,0
2530,0
2524,0
2538,0
2546,2
2562,0
2528,0
2522,0
2536,0
2543,0
2534,0
2540,0
2550,0
2560,0
2523,1
2544,1
2531,1
2529,1
2525,1
2527,1
2542,1
2535,1
2533,1
2541,1
2537,1
2539,1
2557,1
2549,1
2547,1
2555,1
2551,1
2553,1
2561,1
2559,1
2532,0
2526,0
206567,0
206603,0
206612,0
206692,0
206696,0
206780,0
206797,0
206821,0
206823,0
206824,0
206843,0
206844,0
206845,0
206846,0
206854,0
208715,2
206855,0
206874,0
206875,0
206877,0
206876,0
206879,0
206878,0
206880,0
206884,0
206883,0
206882,0
206881,0
206887,0
206888,0
206885,0
206886,0
206892,0
206891,0
206890,0
206894,0
206893,0
206578,0
206579,0
206597,0
206636,0
206635,0
206638,0
206662,0
206727,0
206728,0
206770,0
206785,0
206786,0
206807,0
206808,0
206839,0
206840,0
206866,0
206857,0
206859,0
206860,0
206590,0
206667,0
206710,0
206818,0
206816,0
206817,0
206819,0
206812,0
206814,0
206813,0
206810,0
206811,0
206815,0
206870,0
206897,0
206898,0
206714,0
206873,0
206899,0
206900,0
206902,0
207042,0
207043,0
207044,0
207045,0
207046,0
207083,0
208727,2
208728,2
208729,2
208726,2
207084,0
207163,0
207162,0
207243,0
207242,0
207241,0
207240,0
207239,0
207238,0
207237,0
207236,0
207246,0
207244,0
206942,0
206943,0
206945,0
206944,0
207049,0
207135,0
207136,0
207137,0
207169,0
207173,0
207174,0
207177,0
207178,0
207179,0
207219,0
207221,0
207226,0
207220,0
207222,0
207224,0
207254,0
207255,0
207253,0
207249,0
207256,0
207252,0
207250,0
207251,0
207257,0
207282,0
207281,0
207283,0
207285,0
206910,0
206913,0
206914,0
206912,0
206911,0
207011,0
207110,0
207290,0
206923,0
206919,0
206921,0
206920,0
206918,0
206939,0
206931,0
206929,0
206926,0
206930,0
206924,0
206922,0
206925,0
206927,0
206928,0
206954,0
206955,0
206956,0
206957,0
207057,0
207072,0
207060,0
207065,0
207079,0
207074,0
207066,0
207076,0
207054,0
207068,0
207075,0
207077,0
207063,0
207061,0
207067,0
207078,0
207073,0
207062,0
207064,0
207070,0
207059,0
207071,0
207069,0
207082,0
207080,0
207081,0
207087,0
207092,0
207088,0
207150,0
207147,0
207148,0
207152,0
207149,0
207153,0
207151,0
207202,0
207199,0
207203,0
207186,0
207198,0
207187,0
207188,0
207201,0
207200,0
207204,0
207190,0
207189,0
207205,0
207210,0
207209,0
207211,0
207193,0
207192,0
207194,0
207213,0
207212,0
207231,0
207261,0
207262,0
207263,0
207265,0
207264,0
207268,0
207267,0
207266,0
207293,0
207305,0
207295,0
207294,0
207306,0
207296,0
207298,0
207300,0
207308,0
207307,0
207299,0
207297,0
207313,0
207314,0
207385,0
207421,0
207428,0
207451,0
207452,0
207434,0
207455,0
207454,0
207458,0
207456,0
207457,0
207459,0
207453,0
207435,0
207460,0
207436,0
207437,0
207438,0
207439,0
207440,0
207441,0
207442,0
207443,0
207444,0
207445,0
207446,0
207447,0
207448,0
207462,0
207449,0
207461,0
207501,0
207500,0
207509,0
207502,0
207498,0
207499,0
207503,0
207505,0
207510,0
207504,0
207511,0
207506,0
207526,0
207520,0
207522,0
207559,0
207560,0
207561,0
207583,0
207582,0
207584,0
207587,0
207585,0
207586,0
207388,0
207391,0
207422,0
207589,0
207588,0
207592,0
207591,0
207590,0
207593,0
207594,0
207324,0
207401,0
207395,0
207402,0
207431,0
207491,0
207465,0
207466,0
207467,0
207468,0
207469,0
207470,0
207471,0
207472,0
207473,0
207474,0
207475,0
207476,0
207477,0
207478,0
207479,0
207480,0
207481,0
207482,0
207483,0
207484,0
207492,0
207485,0
207486,0
207493,0
207487,0
207494,0
207495,0
207488,0
207490,0
207531,0
208717,2
208716,0
207330,0
207339,0
207340,0
207342,0
207375,0
207376,0
207407,0
207415,0
207514,0
207515,0
207546,0
207547,0
207533,0
207550,0
207534,0
207537,0
207535,0
207536,0
207539,0
207538,0
207540,0
207542,0
207541,0
207543,0
207544,0
207555,0
207552,0
207553,0
207551,0
207545,0
207554,0
207568,0
207569,0
207576,0
207577,0
207578,0
207579,0
207580,0
207581,0
207596,0
207595,0
207599,0
207597,0
207600,0
207601,0
207598,0
207605,0
207606,0
207603,0
207604,0
207602,0
207611,0
207615,0
207614,0
207616,0
207635,0
207608,0
207607,0
207609,0
207610,0
207613,0
207612,0
207617,0
207619,0
207618,0
207620,0
207621,0
207637,0
207625,0
207623,0
207622,0
207636,0
207624,0
207626,0
207638,0
207627,0
207630,0
207629,0
207628,0
207633,0
207631,0
207632,0
207639,0
207662,0
207730,0
207731,0
207808,0
207809,0
207973,0
207974,0
207975,0
207963,0
207976,0
207977,0
207978,0
207964,0
207966,0
207965,0
208093,0
208092,0
208090,0
208100,0
208153,0
208175,0
208174,0
208177,0
208176,0
208220,0
208221,0
208201,0
208202,0
208204,0
208205,0
208207,0
208206,0
208208,0
208209,0
208210,0
208212,0
208229,0
208224,0
208217,0
208214,0
208215,0
208228,0
208222,0
208223,0
208227,0
208213,0
208216,0
208226,0
208230,0
208218,0
208231,0
208233,0
208232,0
208219,0
208235,0
208236,0
208309,0
208293,0
208312,0
208310,0
208311,0
208313,0
208314,0
208315,0
208316,0
208317,0
208319,0
208318,0
208328,0
208294,0
208322,0
208320,0
208321,0
208333,0
208334,0
208324,0
208323,0
208327,0
208325,0
208331,0
208326,0
208330,0
208329,0
208332,0
208335,0
208336,0
208337,0
208338,0
208339,0
208340,0
208295,0
208341,0
208343,0
208342,0
208344,0
208346,0
208345,0
208299,0
208298,0
208296,0
208297,0
208348,0
208347,0
208350,0
208349,0
208351,0
208352,0
208353,0
208358,0
208356,0
208355,0
208357,0
208359,0
208360,0
208361,0
208300,0
208362,0
208365,0
208364,0
208366,0
208301,0
208363,0
208367,0
208303,0
208370,0
208369,0
208304,0
208371,0
208305,0
208308,0
208307,0
208374,0
208373,0
208375,0
208494,0
208475,0
208477,0
208474,0
208476,0
208493,0
208495,0
208496,0
208498,0
208478,0
208480,0
208479,0
208482,0
208481,0
208483,0
208499,0
208510,0
208503,0
208506,0
208507,0
208502,0
208504,0
208508,0
208509,0
208500,0
208505,0
208501,0
208511,0
208516,0
208513,0
208515,0
208514,0
208512,0
208518,0
208485,0
208488,0
208486,0
208487,0
208489,0
208491,0
208593,0
208589,0
208585,0
208571,0
208584,0
208586,0
208588,0
208587,0
208592,0
208590,0
208591,0
208594,0
208572,0
208573,0
208595,0
208596,0
208597,0
208574,0
208575,0
208576,0
208657,0
208658,0
208659,0
208661,0
208660,0
208663,0
208662,0
208664,0
208665,0
208666,0
208667,0
208668,0
208669,0
208670,0
207676,0
207677,0
207678,0
207742,0
207743,0
207735,0
207736,0
207739,0
207740,0
207827,0
207828,0
207829,0
207830,0
207831,0
207832,0
207833,0
207824,0
207825,0
207834,0
207835,0
207826,0
207836,0
207843,0
207849,0
207851,0
207852,0
207854,0
208001,0
208000,0
207999,0
207979,0
207980,0
208002,0
207982,0
207981,0
207985,0
207984,0
208004,0
207988,0
207983,0
208003,0
207987,0
207986,0
208009,0
208013,0
208011,0
208007,0
208012,0
208005,0
208008,0
208006,0
208014,0
208015,0
207991,0
207990,0
207989,0
208016,0
207994,0
207996,0
207995,0
208103,0
208102,0
208104,0
208105,0
208112,0
208115,0
208116,0
208114,0
208117,0
208118,0
208120,0
208119,0
208158,0
208161,0
208178,0
208179,0
208180,0
208181,0
208182,0
208185,0
208186,0
208187,0
208184,0
208188,0
208251,0
208252,0
208253,0
208254,0
208238,0
208255,0
208237,0
208256,0
208257,0
208239,0
208260,0
208259,0
208263,0
208262,0
208258,0
208261,0
208718,2
208720,0
208723,2
208721,0
208724,2
208722,0
208725,2
208719,0
208264,0
208267,0
208242,0
208266,0
208243,0
208246,0
208268,0
208248,0
208247,0
208249,0
208269,0
208270,0
208250,0
208273,0
208272,0
208274,0
208398,0
208403,0
208402,0
208407,0
208404,0
208408,0
208406,0
208399,0
208401,0
208405,0
208400,0
208410,0
208409,0
208411,0
208383,0
208381,0
208376,0
208412,0
208413,0
208414,0
208377,0
208379,0
208378,0
208384,0
208380,0
208382,0
208385,0
208386,0
208415,0
208387,0
208388,0
208389,0
208416,0
208417,0
208391,0
208418,0
208419,0
208390,0
208392,0
208397,0
208521,0
208520,0
208522,0
208539,0
208523,0
208540,0
208528,0
208529,0
208526,0
208527,0
208524,0
208525,0
208530,0
208533,0
208531,0
208541,0
208532,0
208536,0
208537,0
208606,0
208610,0
208611,0
208612,0
208672,0
208674,0
208673,0
208676,0
208675,0
208677,0
208678,0
208680,0
208679,0
208681,0
208685,0
208684,0
208683,0
208682,0
208686,0
208687,0
208688,0
208690,0
208689,0
208691,0
208692,0
208693,0
208695,0
208694,0
208697,0
208696,0
208698,0
208699,0
207746,0
207745,0
207747,0
207863,0
208022,0
208023,0
208024,0
208025,0
208026,0
208166,0
208275,0
208277,0
208279,0
208280,0
208421,0
208424,0
208423,0
208425,0
208426,0
208542,0
208543,0
208544,0
208547,0
208550,0
208549,0
208552,0
208554,0
208621,0
208704,0
208703,0
208705,0
208706,0
207711,0
207707,0
207699,0
207703,0
207701,0
207704,0
207702,0
207698,0
207697,0
207705,0
207706,0
207700,0
207712,0
207753,0
207752,0
207754,0
207776,0
207756,0
207758,0
207757,0
207755,0
207777,0
207779,0
207780,0
207759,0
207760,0
207761,0
207778,0
207768,0
207763,0
207765,0
207781,0
207782,0
207764,0
207762,0
207766,0
207783,0
207767,0
207769,0
207785,0
207792,0
207797,0
207788,0
207772,0
207789,0
207787,0
207790,0
207798,0
207786,0
207791,0
207773,0
207770,0
207796,0
207795,0
207793,0
207794,0
207771,0
207801,0
207799,0
207800,0
207802,0
207774,0
207803,0
207804,0
207775,0
207806,0
207807,0
207907,0
207908,0
207911,0
207906,0
207910,0
207913,0
207912,0
207923,0
207920,0
207924,0
207918,0
207926,0
207927,0
207925,0
207921,0
207919,0
207917,0
207928,0
207914,0
207915,0
207916,0
207922,0
207887,0
207938,0
207942,0
207933,0
207890,0
207943,0
207946,0
207891,0
207892,0
207941,0
207939,0
207888,0
207889,0
207935,0
207932,0
207936,0
207937,0
207894,0
207948,0
207895,0
207951,0
207950,0
207949,0
207947,0
207898,0
207954,0
207955,0
207953,0
207958,0
207959,0
207899,0
207885,0
207961,0
208039,0
208040,0
208036,0
208034,0
208038,0
208037,0
208035,0
208041,0
208043,0
208042,0
208044,0
208045,0
208046,0
208048,0
208047,0
208051,0
208055,0
208056,0
208057,0
208050,0
208052,0
208054,0
208053,0
208062,0
208060,0
208061,0
208059,0
208063,0
208064,0
208066,0
208065,0
208067,0
208072,0
208069,0
208068,0
208071,0
208070,0
208076,0
208075,0
208077,0
208078,0
208028,0
208079,0
208073,0
208080,0
208074,0
208083,0
208082,0
208084,0
208081,0
208086,0
208087,0
208085,0
208029,0
208030,0
208140,0
208142,0
208144,0
208141,0
208143,0
208146,0
208147,0
208136,0
208137,0
208148,0
208149,0
208197,0
208191,0
208192,0
208198,0
208193,0
208199,0
208196,0
208195,0
208200,0
208285,0
208283,0
208284,0
208286,0
208288,0
208290,0
208289,0
208292,0
208291,0
208456,0
208431,0
208430,0
208432,0
208452,0
208453,0
208455,0
208454,0
208434,0
208436,0
208435,0
208433,0
208457,0
208461,0
208462,0
208458,0
208460,0
208459,0
208467,0
208443,0
208469,0
208466,0
208470,0
208438,0
208463,0
208465,0
208464,0
208439,0
208442,0
208437,0
208440,0
208468,0
208441,0
208471,0
208444,0
208445,0
208447,0
208473,0
208472,0
208557,0
208559,0
208560,0
208558,0
208561,0
208564,0
208562,0
208563,0
208565,0
208566,0
208567,0
208569,0
208568,0
208570,0
208635,0
208649,0
208650,0
208648,0
208646,0
208639,0
208642,0
208641,0
208640,0
208645,0
208643,0
208647,0
208644,0
208651,0
208652,0
208653,0
208654,0
208655,0
208623,0
208713,0
208712,0
208714,0
2563,0
201552,2
201553,2
201554,2
201555,2
201556,2
201557,2
201558,2
201559,2
201560,2
201561,2
2572,0
2565,0
2566,0
2564,0
2567,0
2568,0
2569,0
2571,0
2570,0
2581,0
201562,2
201563,2
201564,2
201565,2
201566,2
201567,2
201568,2
201569,2
201570,2
2573,0
2574,0
2575,0
2576,0
2577,0
2578,0
2579,0
2580,0
201795,2
201796,2
201797,2
201798,2
201799,2
201800,2
201801,2
201802,2
201803,2
201804,2
201805,2
201806,2
201807,2
201808,2
201809,2
201810,2
201811,2
201812,2
201813,2
2591,0
2589,0
2587,0
2592,0
2599,0
2594,0
2582,0
2583,0
2584,0
2585,0
2586,0
2588,0
2590,0
2595,0
2596,0
2597,0
2598,0
2593,0
2600,0
201707,2
201708,2
201709,2
201710,2
201711,2
201712,2
201713,2
201714,2
201715,2
201716,2
201717,2
201718,2
201719,2
201720,2
201721,2
2613,0
2610,0
2608,0
2614,0
2601,0
2602,0
2612,0
2603,0
2604,0
2605,0
2615,0
2606,0
2609,0
2607,0
2611,0
2625,0
201601,2
201602,2
201603,2
201604,2
201605,2
201606,2
201607,2
201608,2
201609,2
201610,2
201611,2
201612,2
201613,2
201614,2
201615,2
201616,2
201617,2
2617,0
2619,0
2626,0
2632,0
2616,0
2618,0
2621,0
2622,0
2623,0
2624,0
2627,0
2628,0
2629,0
2630,0
2631,0
2620,0
2657,0
2658,0
2655,0
2654,0
2653,0
2652,0
2651,0
2643,0
2642,0
2641,0
2637,0
2640,0
2645,0
2646,0
2639,0
2638,0
2635,0
2650,0
2649,0
2647,0
2656,0
2633,0
2636,0
2648,0
2634,0
2644,0
201087,2
201088,2
201089,2
201090,2
201091,2
201092,2
201093,2
201094,2
201095,2
201096,2
201097,2
201098,2
201099,2
201100,2
201101,2
201102,2
201103,2
201104,2
201105,2
201106,2
201107,2
201108,2
201109,2
201110,2
201111,2
201112,2
2659,0
2662,0
201993,2
201994,2
201995,2
201996,2
201997,2
2663,0
2661,0
2660,0
2670,0
2669,0
2668,0
2667,0
2664,0
2671,0
201571,2
201572,2
201573,2
201574,2
201575,2
201576,2
201577,2
201578,2
201579,2
201580,2
201581,2
201582,2
2672,0
2666,0
2675,0
2674,0
2665,0
2673,0
2687,0
2684,0
2677,0
2681,0
2683,0
2678,0
2686,0
201113,2
201114,2
201115,2
201116,2
201117,2
201118,2
201119,2
201120,2
2685,0
201121,2
201122,2
201123,2
201124,2
2682,0
2680,0
2679,0
2676,0
2701,0
2697,0
201971,2
2690,0
2688,0
2691,0
2693,0
2699,0
2702,0
2700,0
201960,2
201961,2
201962,2
201963,2
201964,2
201965,2
201966,2
201968,2
201969,2
201970,2
201972,2
201973,2
201974,2
2695,0
201967,2
2694,0
2692,0
2696,0
2689,0
2698,0
2703,0
201734,2
201735,2
201736,2
201737,2
201738,2
201739,2
201740,2
2705,0
2706,0
201741,2
2707,0
2709,0
2708,0
2704,0
2714,0
2711,0
2710,0
2722,0
2721,0
2724,0
2723,0
2712,0
201874,2
201875,2
201876,2
201877,2
201878,2
201879,2
201880,2
201881,2
201882,2
201883,2
201884,2
201885,2
201886,2
201887,2
201888,2
201889,2
201890,2
201891,2
2726,0
2720,0
2716,0
2719,0
2725,0
2727,0
2715,0
2713,0
2717,0
2718,0
2741,0
2740,0
2737,0
2734,0
2733,0
2736,0
2744,0
2743,0
2738,0
2739,0
2735,0
2730,0
2745,0
2742,0
2732,0
2728,0
2731,0
201125,2
201126,2
201127,2
201128,2
201129,2
201130,2
201131,2
201132,2
201133,2
201134,2
201135,2
201136,2
201137,2
201138,2
201139,2
201140,2
201141,2
201142,2
2729,0
2758,0
2748,0
2756,0
2757,0
2753,0
2754,0
2747,0
201892,2
201893,2
201894,2
201895,2
201896,2
201897,2
201898,2
201899,2
201900,2
201901,2
201903,2
201904,2
201905,2
201907,2
2755,0
2752,0
2759,0
2750,0
2760,0
2751,0
2761,0
201906,2
201902,2
2749,0
2746,0
2772,0
201654,2
201655,2
201656,2
201657,2
201658,2
201659,2
201660,2
201661,2
201662,2
201663,2
201664,2
201665,2
201666,2
201667,2
201668,2
201669,2
201670,2
201671,2
2768,0
2767,0
2765,0
2769,0
2771,0
2763,0
2766,0
2773,0
2774,0
2775,0
2776,0
2777,0
2778,0
2762,0
2779,0
2764,0
2770,0
201583,2
201584,2
201585,2
201586,2
201587,2
201588,2
201589,2
201590,2
201591,2
201592,2
201593,2
201594,2
201595,2
201596,2
201597,2
201598,2
201599,2
201600,2
2793,0
2797,0
2790,0
2780,0
2783,0
2784,0
2785,0
2786,0
2787,0
2788,0
2789,0
2791,0
2792,0
2794,0
2795,0
2796,0
2782,0
2781,0
201983,2
2810,0
201975,2
2805,0
2800,0
201976,2
201977,2
201978,2
201979,2
201980,2
201981,2
201982,2
201984,2
201985,2
201986,2
201988,2
201989,2
201990,2
201992,2
2808,0
2799,0
2798,0
2801,0
2802,0
2803,0
2804,0
2806,0
2807,0
2809,0
2811,0
2812,0
201991,2
2813,0
2814,0
201987,2
2815,0
201923,2
201918,2
201919,2
201920,2
201921,2
201922,2
201924,2
2816,0
2817,0
2818,0
2819,0
2820,0
2821,0
2822,0
201763,2
201764,2
201765,2
201766,2
201767,2
201768,2
201769,2
201770,2
201771,2
201772,2
2830,0
2832,0
2823,0
2824,0
2825,0
2826,0
2827,0
2828,0
2829,0
2831,0
201633,2
201634,2
201635,2
201636,2
201637,2
201638,2
201639,2
201640,2
201641,2
201642,2
201643,2
201644,2
2839,0
2834,0
2833,0
2844,0
2835,0
2836,0
2837,0
2838,0
2840,0
2841,0
2842,0
2843,0
2850,0
201672,2
201673,2
201674,2
201675,2
201676,2
201677,2
201678,2
201679,2
201680,2
201681,2
201682,2
201683,2
201684,2
201685,2
201686,2
201687,2
2860,0
2858,0
2857,0
2846,0
2856,0
2851,0
2859,0
2847,0
2845,0
2852,0
2848,0
2849,0
2853,0
2854,0
2855,0
2872,0
2876,0
2863,0
2866,0
2877,0
2865,0
2874,0
2868,0
2870,0
2871,0
201143,2
201144,2
201145,2
201146,2
201147,2
201148,2
201149,2
201150,2
201151,2
201152,2
201153,2
201154,2
201155,2
201156,2
201157,2
201158,2
201159,2
2867,0
2869,0
2864,0
2862,0
2873,0
2875,0
2861,0
2892,0
2888,0
202037,2
202039,2
202035,2
2885,0
2895,0
2879,0
2894,0
202047,2
2897,0
2889,0
2878,0
202028,2
202029,2
202030,2
202032,2
202033,2
202034,2
202036,2
202038,2
202040,2
202041,2
202042,2
202043,2
202044,2
202045,2
202046,2
202048,2
202049,2
202031,2
2893,0
2882,0
2884,0
2880,0
2883,0
2896,0
2886,0
2881,0
2887,0
2890,0
2891,0
2898,0
2899,0
2906,0
2907,0
2908,0
2909,0
2911,0
2912,0
2913,0
2914,0
2915,0
2916,0
2917,0
2919,0
2920,0
2921,0
2922,0
2925,0
2926,0
2929,0
2924,0
2930,0
2931,0
2933,0
2934,0
2910,0
2927,0
2923,0
201160,2
201161,2
201162,2
201163,2
201164,2
201165,2
201166,2
201167,2
201168,2
201169,2
201170,2
201171,2
201172,2
201173,2
201174,2
201175,2
201176,2
201177,2
201178,2
201179,2
201180,2
201181,2
201182,2
201183,2
201184,2
201185,2
201186,2
201187,2
201188,2
201189,2
201190,2
201191,2
2900,0
2901,0
2902,0
2903,0
2904,0
2905,0
2935,0
2936,0
2937,0
2938,0
2939,0
2940,0
2941,0
2942,0
2943,0
2944,0
2945,0
2946,0
2947,0
2948,0
2949,0
2950,0
2951,0
2952,0
2953,0
2954,0
2955,0
2956,0
2957,0
2958,0
201192,2
201193,2
201194,2
201195,2
201196,2
201197,2
201198,2
201199,2
201200,2
201201,2
201202,2
201203,2
201204,2
201205,2
201206,2
201207,2
201208,2
201209,2
201210,2
201211,2
201212,2
201213,2
201214,2
201215,2
2971,0
2963,0
2965,0
2966,0
2967,0
2970,0
2972,0
201688,2
201689,2
201690,2
201691,2
201692,2
201693,2
201694,2
201695,2
201696,2
201698,2
201699,2
201700,2
201702,2
201703,2
201704,2
201705,2
201706,2
2978,0
2974,0
2962,0
2960,0
2973,0
2959,0
2975,0
2977,0
2969,0
2964,0
2961,0
201701,2
201697,2
2968,0
2985,0
2979,0
2981,0
2983,0
2986,0
2987,0
2989,0
2990,0
201722,2
201723,2
201724,2
201725,2
201726,2
201727,2
201728,2
201730,2
201731,2
201732,2
2980,0
2982,0
2984,0
2988,0
201733,2
201729,2
2991,0
201519,2
201520,2
2992,0
2993,0
2994,0
2995,0
2996,0
2997,0
2999,0
201858,2
201852,2
201853,2
201854,2
201855,2
201856,2
201857,2
201859,2
2998,0
3000,0
3003,0
3002,0
201939,2
201936,2
201938,2
201937,2
3001,0
3004,0
201940,2
3005,0
3009,0
201521,2
201522,2
201523,2
201524,2
201525,2
3006,0
3007,0
3008,0
3010,0
3024,0
3023,0
3011,0
3013,0
3015,0
3016,0
3017,0
3019,0
3020,0
3022,0
3026,0
3027,0
3030,0
3032,0
3034,0
3035,0
3014,0
3033,0
3018,0
3037,0
3028,0
3029,0
3025,0
3021,0
3031,0
3038,0
3036,0
201216,2
201217,2
201218,2
201219,2
201220,2
201221,2
201222,2
201223,2
201224,2
201225,2
201226,2
201227,2
201228,2
201229,2
201230,2
201231,2
201232,2
201233,2
201234,2
201235,2
201236,2
201237,2
201238,2
201239,2
201240,2
201241,2
201242,2
201243,2
3012,0
3039,0
3040,0
3041,0
3043,0
3044,0
3045,0
3046,0
3047,0
3048,0
3049,0
3050,0
3051,0
3052,0
3053,0
3054,0
201835,2
201836,2
201837,2
201838,2
201839,2
201840,2
201841,2
201843,2
201844,2
201845,2
201847,2
201848,2
201849,2
201851,2
201846,2
201842,2
3042,0
3055,0
201850,2
201653,2
201645,2
201646,2
201647,2
201648,2
201650,2
201652,2
3056,0
3060,0
3061,0
3062,0
3063,0
3064,0
201649,2
201651,2
3058,0
3059,0
3057,0
3065,0
3066,0
3067,0
3068,0
3072,0
3073,0
3074,0
3075,0
3077,0
3078,0
3080,0
201822,2
3082,0
201814,2
201815,2
201816,2
201817,2
201818,2
201819,2
201820,2
201821,2
201823,2
201824,2
201825,2
201827,2
201828,2
201829,2
201831,2
201832,2
201833,2
3071,0
3076,0
201826,2
3084,0
3081,0
3070,0
3079,0
3083,0
201830,2
3069,0
3109,0
3110,0
202007,2
202017,2
202027,2
202025,2
202019,2
202023,2
202021,2
3094,0
3095,0
3097,0
3098,0
3099,0
3100,0
3102,0
3104,0
3108,0
3101,0
3106,0
202002,2
202003,2
202004,2
202005,2
202006,2
202008,2
202009,2
202010,2
202012,2
202013,2
202014,2
202016,2
202018,2
3087,0
202020,2
202022,2
202024,2
202015,2
202011,2
3107,0
3091,0
3105,0
3092,0
3103,0
3096,0
202026,2
3089,0
3086,0
3090,0
3085,0
3093,0
3088,0
3125,0
3121,0
3112,0
201773,2
3114,0
201775,2
201776,2
201777,2
3116,0
201779,2
201781,2
3117,0
201783,2
201784,2
201785,2
3118,0
201787,2
3119,0
3123,0
201786,2
3122,0
3115,0
3111,0
3113,0
3124,0
3120,0
201782,2
201780,2
201778,2
201774,2
201269,2
201270,2
201271,2
201272,2
3174,0
201273,2
201274,2
201275,2
201276,2
201277,2
201278,2
201279,2
201280,2
201281,2
201282,2
201283,2
201284,2
201285,2
201286,2
201287,2
201288,2
201289,2
201290,2
201291,2
201292,2
201293,2
201294,2
201295,2
201296,2
201297,2
201298,2
201299,2
201300,2
201301,2
201302,2
201303,2
201304,2
201305,2
3182,0
3163,0
3172,0
3185,0
3132,0
3164,0
3141,0
3180,0
3126,0
3128,0
3129,0
3130,0
3131,0
3134,0
3138,0
3127,0
3139,0
3142,0
3143,0
3144,0
3145,0
3146,0
3147,0
3148,0
3171,0
3149,0
3150,0
3184,0
3151,0
3152,0
3153,0
3155,0
3156,0
3157,0
3158,0
3159,0
3160,0
3161,0
3162,0
3165,0
3166,0
3167,0
3168,0
3173,0
3140,0
3177,0
3178,0
3186,0
3133,0
3179,0
3135,0
3137,0
3183,0
3187,0
3176,0
3169,0
3136,0
3170,0
3181,0
3154,0
3175,0
201244,2
201245,2
201246,2
201247,2
201248,2
201249,2
201250,2
201251,2
201252,2
201253,2
201254,2
201255,2
201256,2
201257,2
201258,2
201259,2
201260,2
201261,2
201262,2
201263,2
201264,2
201265,2
201266,2
201267,2
201268,2
201794,2
3188,0
3192,0
201789,2
201791,2
201792,2
201793,2
201790,2
3191,0
3189,0
3194,0
3193,0
3190,0
201788,2
201618,2
201619,2
201620,2
201622,2
201623,2
201624,2
201626,2
201627,2
201628,2
201630,2
201632,2
3204,0
3200,0
3195,0
3201,0
3202,0
3203,0
3206,0
3207,0
3208,0
3197,0
3199,0
3196,0
3209,0
3198,0
3205,0
201631,2
201629,2
201625,2
201621,2
3218,0
201955,2
201954,2
3219,0
201953,2
201947,2
201946,2
201950,2
201951,2
201952,2
201948,2
201949,2
3210,0
3211,0
3213,0
3221,0
3212,0
3217,0
3215,0
3214,0
3223,0
3222,0
201956,2
201959,2
3220,0
201957,2
201958,2
3216,0
201306,2
201307,2
201308,2
201309,2
201310,2
201311,2
201312,2
201313,2
201314,2
201315,2
201316,2
201317,2
3232,0
3234,0
3227,0
3228,0
3230,0
3233,0
3231,0
3224,0
3229,0
3235,0
3225,0
3226,0
201318,2
201319,2
201320,2
201321,2
201322,2
201323,2
201324,2
201325,2
201326,2
201327,2
201328,2
201329,2
201330,2
201331,2
201332,2
201333,2
201334,2
3236,0
201335,2
201336,2
201337,2
201338,2
201339,2
201340,2
201341,2
201342,2
201343,2
201344,2
201345,2
201346,2
201347,2
201348,2
201349,2
201350,2
201351,2
201352,2
201353,2
3258,0
3239,0
3244,0
3262,0
3240,0
3241,0
3261,0
3242,0
3253,0
3243,0
3245,0
3247,0
3248,0
3249,0
3250,0
3251,0
3252,0
3255,0
3256,0
3257,0
3238,0
3270,0
3268,0
3263,0
3260,0
3259,0
3267,0
3271,0
3246,0
3264,0
3254,0
3266,0
3269,0
3237,0
3265,0
201748,2
201746,2
3289,0
3291,0
3290,0
3288,0
3287,0
3280,0
3285,0
3284,0
3283,0
3282,0
3281,0
3278,0
3277,0
3275,0
3273,0
201742,2
201743,2
201744,2
201745,2
201747,2
201749,2
201751,2
201752,2
201753,2
201755,2
201756,2
201757,2
201759,2
201761,2
201754,2
201762,2
201758,2
201760,2
3274,0
3279,0
3286,0
3272,0
3276,0
3292,0
201750,2
3296,0
3295,0
3294,0
3293,0
201526,2
201527,2
201528,2
201529,2
201530,2
201531,2
201532,2
201534,2
201535,2
3297,0
3300,0
3299,0
3298,0
3301,0
201533,2
3302,0
3310,0
3314,0
3313,0
3312,0
3311,0
3309,0
3304,0
201536,2
201538,2
201539,2
201540,2
201542,2
201543,2
201544,2
3303,0
201545,2
201541,2
201537,2
3305,0
3315,0
3344,0
3337,0
3338,0
3336,0
3333,0
3335,0
3334,0
3321,0
3331,0
201354,2
3330,0
201355,2
201356,2
201357,2
201358,2
201359,2
201361,2
201362,2
3328,0
201365,2
201366,2
201367,2
201368,2
201369,2
201370,2
201371,2
201373,2
201374,2
201375,2
201377,2
201378,2
201379,2
201381,2
201382,2
201383,2
201385,2
201386,2
3347,0
201364,2
201384,2
201376,2
201380,2
201372,2
3322,0
201363,2
3319,0
3342,0
3349,0
3345,0
3340,0
3343,0
3354,0
3324,0
3323,0
201360,2
3346,0
3352,0
3353,0
3351,0
3327,0
3350,0
3348,0
3325,0
3326,0
3320,0
3318,0
201408,2
3396,0
201387,2
201389,2
201390,2
201391,2
201393,2
201394,2
201395,2
201397,2
201398,2
201399,2
201401,2
201402,2
201403,2
3391,0
201405,2
201406,2
201407,2
201409,2
201410,2
201411,2
3383,0
3369,0
3375,0
201388,2
3399,0
3385,0
3389,0
3384,0
3388,0
3371,0
3372,0
201404,2
3395,0
201400,2
201396,2
3393,0
3376,0
3387,0
3380,0
3379,0
201392,2
3373,0
3368,0
3392,0
3366,0
3390,0
3397,0
3394,0
3359,0
201933,2
201931,2
201932,2
201927,2
201929,2
201928,2
201926,2
201925,2
201930,2
201934,2
3364,0
3360,0
201935,2
3365,0
3362,0
3357,0
3363,0
3361,0
3358,0
3356,0
3355,0
3402,0
3404,0
201546,2
201547,2
201548,2
201550,2
201551,2
3403,0
3405,0
3400,0
201549,2
3401,0
201914,2
3407,0
201915,2
201912,2
201909,2
201911,2
201913,2
201917,2
201910,2
3412,0
3418,0
3416,0
3415,0
201916,2
201908,2
3414,0
3408,0
3411,0
3410,0
3432,0
3446,0
3450,0
201420,2
201432,2
201424,2
3426,0
201416,2
201412,2
201413,2
201414,2
201415,2
201417,2
201418,2
201419,2
201421,2
201422,2
201423,2
201425,2
201426,2
201427,2
201429,2
201430,2
3424,0
201433,2
201431,2
3430,0
3436,0
3428,0
3423,0
3435,0
3441,0
3445,0
3444,0
3443,0
3442,0
3440,0
3434,0
3422,0
201428,2
3438,0
3449,0
3437,0
3447,0
3451,0
3452,0
202053,2
202052,2
202051,2
3454,0
202050,2
3453,0
3455,0
201834,2
201944,2
3459,0
3457,0
3456,0
3460,0
201945,2
201941,2
3458,0
201943,2
201942,2
202000,2
3463,0
3464,0
201998,2
201999,2
3461,0
3462,0
202001,2
3478,0
3485,0
201434,2
201435,2
201437,2
201438,2
201439,2
201441,2
201442,2
201443,2
201445,2
201446,2
3481,0
201449,2
201450,2
201451,2
201453,2
201454,2
3480,0
3482,0
3470,0
3474,0
3473,0
3471,0
3472,0
201447,2
201448,2
3475,0
201444,2
3477,0
201436,2
3465,0
3484,0
201440,2
3479,0
3469,0
3468,0
3483,0
3467,0
201452,2
3476,0
3466,0
3493,0
3491,0
201455,2
201457,2
201458,2
201459,2
201461,2
201462,2
201463,2
201465,2
201469,2
201470,2
201471,2
201473,2
201474,2
201475,2
201477,2
201478,2
3494,0
3508,0
3506,0
201464,2
3509,0
201460,2
3499,0
201467,2
201468,2
201456,2
3492,0
3498,0
3496,0
3500,0
3505,0
3488,0
3487,0
201466,2
3503,0
3486,0
3490,0
3502,0
3501,0
3504,0
3507,0
3495,0
3497,0
201472,2
3489,0
201476,2
3515,0
3524,0
3525,0
3520,0
3514,0
201481,2
201483,2
201485,2
201486,2
201487,2
201489,2
201490,2
201491,2
201493,2
201494,2
201495,2
201497,2
201498,2
201499,2
201501,2
201502,2
3522,0
3513,0
3523,0
3516,0
3521,0
201503,2
3510,0
201500,2
201496,2
3511,0
201492,2
201488,2
3526,0
3531,0
3529,0
3527,0
3528,0
3532,0
3533,0
3534,0
3518,0
3530,0
3517,0
3519,0
3512,0
201484,2
201482,2
201480,2
201479,2
201516,2
201505,2
201506,2
201507,2
201509,2
201510,2
201511,2
201513,2
201514,2
201515,2
201517,2
201512,2
201508,2
201504,2
201518,2
3539,0
3535,0
3536,0
3537,0
3538,0
3540,0
3541,0
3542,0
3543,0
3544,0
3545,0
3546,0
3547,0
3548,0
3558,0
201870,2
201861,2
3554,0
201862,2
201860,2
3562,0
3556,0
201863,2
201864,2
201865,2
201867,2
201868,2
201869,2
201871,2
201873,2
3553,0
201872,2
3561,0
3552,0
3550,0
3551,0
3555,0
3557,0
3559,0
3560,0
3563,0
201866,2
4217,0
4214,0
202064,2
4221,0
202067,2
202066,2
202065,2
202063,2
4219,0
4220,0
4222,0
4223,0
202070,2
4225,0
202072,2
4224,0
202071,2
202069,2
202068,2
202054,2
202055,2
4204,0
4205,0
4206,0
202056,2
202057,2
202058,2
202059,2
4207,0
4209,0
4208,0
202061,2
4212,0
202062,2
4210,0
4211,0
202060,2
4227,0
4228,0
202074,2
202076,2
202073,2
4231,0
202075,2
202078,2
4229,0
4226,0
4230,0
202077,2
4232,0
4236,0
4233,0
4234,0
4235,0
202080,2
202081,2
202079,2
202084,2
202082,2
4237,0
202083,2
4243,0
4238,0
4239,0
4240,0
202090,2
202085,2
202086,2
202089,2
202088,2
202087,2
4242,0
4241,0
4249,0
4246,0
202096,2
4248,0
4244,0
202097,2
4247,0
202095,2
202094,2
202093,2
202092,2
202091,2
4245,0
4253,0
202098,2
202101,2
202100,2
202099,2
4252,0
4250,0
4251,0
202102,2
4254,0
4256,0
4258,0
4259,0
4255,0
202107,2
202104,2
202106,2
202105,2
202103,2
4257,0
4262,0
4264,0
4260,0
4263,0
4261,0
202108,2
202111,2
202112,2
202109,2
202110,2
4269,0
4268,0
4265,0
4267,0
4266,0
202116,2
202115,2
202113,2
202114,2
202117,2
4271,0
4270,0
4273,0
4275,0
4276,0
4272,0
4274,0
202124,2
202121,2
202123,2
202119,2
202118,2
202120,2
202122,2
4277,0
4282,0
4278,0
4280,0
4279,0
202128,2
202131,2
202130,2
202129,2
202127,2
202126,2
4281,0
4283,0
202125,2
202134,2
202135,2
202136,2
202137,2
4285,0
202138,2
4289,0
4286,0
4284,0
4288,0
4287,0
4290,0
202132,2
202133,2
4291,0
202142,2
4293,0
202146,2
202139,2
202143,2
202140,2
202141,2
202145,2
202144,2
4296,0
4295,0
4294,0
4292,0
4297,0
4300,0
202149,2
202147,2
202148,2
4299,0
4298,0
202150,2
202152,2
202151,2
4301,0
4302,0
4303,0
202154,2
202155,2
202153,2
4306,0
4305,0
4304,0
4308,0
202156,2
202158,2
202157,2
4309,0
4307,0
4324,0
4322,0
202173,2
202172,2
202171,2
4323,0
4326,0
202176,2
202175,2
202174,2
4327,0
4325,0
4329,0
202177,2
202180,2
202178,2
202179,2
4328,0
4330,0
4310,0
202162,2
202159,2
202160,2
202161,2
4311,0
4313,0
4312,0
4314,0
202164,2
202163,2
202165,2
202166,2
4316,0
4315,0
4317,0
4320,0
4318,0
202170,2
202169,2
202168,2
202167,2
4321,0
4319,0
4331,0
202181,2
202184,2
202183,2
202182,2
4334,0
4333,0
4332,0
4338,0
4335,0
202186,2
202187,2
202188,2
202185,2
4336,0
4337,0
4342,0
202189,2
202192,2
4339,0
202190,2
202191,2
4340,0
4341,0
